iter	ka(1)	ke(1)	F(1)	SD_C_central(1)	SD_AUC(1)	LnPrior	LnData	LnPosterior
0	0.237706	0.0255823	0.279823	0.10982	0.0987957	4.032537e+00	-6.545449e+02	-6.505124e+02
2	0.237706	0.0387851	0.442985	0.10982	0.0987957	4.070531e+00	-1.030929e+02	-9.902236e+01
4	0.219698	0.0387851	0.442985	0.10982	0.101282	4.083398e+00	-8.930864e+01	-8.522524e+01
6	0.219698	0.0387851	0.442985	0.10987	0.108167	4.083398e+00	-8.434041e+01	-8.025702e+01
8	0.219698	0.0387851	0.442985	0.10987	0.109956	4.083398e+00	-8.324279e+01	-7.915939e+01
10	0.219698	0.0387851	0.484393	0.10987	0.109956	4.083398e+00	-7.739006e+01	-7.330667e+01
12	0.219698	0.0387851	0.484393	0.10987	0.109956	4.083398e+00	-7.739006e+01	-7.330667e+01
14	0.219698	0.0387851	0.484393	0.10987	0.109956	4.083398e+00	-7.739006e+01	-7.330667e+01
16	0.219698	0.0387851	0.484393	0.10987	0.109691	4.083398e+00	-7.750670e+01	-7.342330e+01
18	0.219698	0.0387851	0.484393	0.10987	0.10965	4.083398e+00	-7.752492e+01	-7.344152e+01
20	0.219698	0.0387851	0.484393	0.10987	0.10965	4.083398e+00	-7.752492e+01	-7.344152e+01
22	0.219698	0.0387851	0.484393	0.108727	0.108938	4.083398e+00	-7.963878e+01	-7.555538e+01
24	0.219698	0.0387851	0.484393	0.107789	0.108762	4.083398e+00	-8.123861e+01	-7.715521e+01
26	0.219698	0.0387851	0.484393	0.107789	0.109912	4.083398e+00	-8.072238e+01	-7.663898e+01
28	0.219698	0.0387851	0.484393	0.107789	0.109977	4.083398e+00	-8.069387e+01	-7.661047e+01
30	0.219698	0.0387851	0.484393	0.10833	0.109421	4.083398e+00	-8.005932e+01	-7.597593e+01
32	0.219698	0.0387851	0.484393	0.10833	0.10793	4.083398e+00	-8.074403e+01	-7.666063e+01
34	0.219698	0.0387851	0.484393	0.109347	0.1097	4.083398e+00	-7.831632e+01	-7.423292e+01
36	0.219698	0.0387851	0.484393	0.109347	0.1097	4.083398e+00	-7.831632e+01	-7.423292e+01
38	0.214701	0.0387851	0.484393	0.109347	0.108681	4.086924e+00	-7.483117e+01	-7.074425e+01
40	0.214701	0.0387851	0.484393	0.109347	0.108681	4.086924e+00	-7.483117e+01	-7.074425e+01
42	0.214701	0.0387851	0.484393	0.109347	0.107944	4.086924e+00	-7.514400e+01	-7.105707e+01
44	0.214701	0.0387851	0.484393	0.109347	0.107944	4.086924e+00	-7.514400e+01	-7.105707e+01
46	0.214701	0.0387851	0.484393	0.109758	0.107944	4.086924e+00	-7.451618e+01	-7.042925e+01
48	0.157154	0.0387851	0.484393	0.109758	0.095035	4.124414e+00	-6.920950e+01	-6.508509e+01
50	0.157154	0.0387851	0.484393	0.109969	0.0945212	4.124414e+00	-6.916142e+01	-6.503700e+01
52	0.157154	0.0387851	0.484393	0.109031	0.0968973	4.124414e+00	-6.939000e+01	-6.526559e+01
54	0.182927	0.0387851	0.484393	0.109031	0.10447	4.108570e+00	-6.040133e+01	-5.629276e+01
56	0.182927	0.0387851	0.484393	0.109031	0.108169	4.108570e+00	-5.938048e+01	-5.527191e+01
58	0.182927	0.0387851	0.484393	0.109008	0.0980836	4.108570e+00	-6.260587e+01	-5.849730e+01
60	0.182927	0.0387851	0.484393	0.109008	0.0990551	4.108570e+00	-6.223748e+01	-5.812890e+01
62	0.182927	0.0387851	0.484393	0.10751	0.105637	4.108570e+00	-6.227652e+01	-5.816795e+01
64	0.182927	0.0387851	0.484393	0.109598	0.107312	4.108570e+00	-5.880308e+01	-5.469451e+01
66	0.182927	0.0387851	0.484393	0.10819	0.107312	4.108570e+00	-6.081534e+01	-5.670677e+01
68	0.182927	0.0387851	0.484393	0.10819	0.108508	4.108570e+00	-6.050652e+01	-5.639795e+01
70	0.182927	0.0387851	0.497064	0.10819	0.106651	4.108570e+00	-6.023422e+01	-5.612565e+01
72	0.182927	0.0387851	0.497064	0.109033	0.106491	4.108570e+00	-5.901852e+01	-5.490995e+01
74	0.182927	0.0387851	0.497064	0.109033	0.108512	4.108570e+00	-5.859881e+01	-5.449024e+01
76	0.182927	0.0401643	0.497064	0.109033	0.106298	4.110204e+00	-4.104492e+01	-3.693472e+01
78	0.182927	0.0401643	0.497064	0.108885	0.10274	4.110204e+00	-4.234554e+01	-3.823534e+01
80	0.182927	0.0401643	0.493578	0.108885	0.107565	4.110204e+00	-4.163033e+01	-3.752013e+01
82	0.182927	0.0401643	0.493578	0.108885	0.107565	4.110204e+00	-4.163033e+01	-3.752013e+01
84	0.182927	0.0401643	0.493578	0.108885	0.106394	4.110204e+00	-4.199067e+01	-3.788046e+01
86	0.182927	0.0401643	0.493578	0.108885	0.106394	4.110204e+00	-4.199067e+01	-3.788046e+01
88	0.182927	0.0401643	0.493578	0.10886	0.105301	4.110204e+00	-4.236857e+01	-3.825837e+01
90	0.182927	0.0401643	0.495967	0.108273	0.104612	4.110204e+00	-4.262558e+01	-3.851537e+01
92	0.163084	0.0401643	0.495967	0.108273	0.109956	4.122603e+00	-3.865082e+01	-3.452821e+01
94	0.163084	0.0401643	0.495967	0.109878	0.109956	4.122603e+00	-3.700308e+01	-3.288047e+01
96	0.163084	0.0401643	0.495967	0.109878	0.109956	4.122603e+00	-3.700308e+01	-3.288047e+01
98	0.169873	0.0401643	0.495967	0.109878	0.109956	4.118497e+00	-3.646844e+01	-3.234994e+01
100	0.169873	0.0401643	0.495967	0.109878	0.109956	4.118497e+00	-3.646844e+01	-3.234994e+01
102	0.169873	0.0401643	0.495967	0.10977	0.109956	4.118497e+00	-3.657651e+01	-3.245801e+01
104	0.169873	0.0401643	0.495967	0.109449	0.105703	4.118497e+00	-3.801309e+01	-3.389460e+01
106	0.169873	0.0401643	0.495967	0.109275	0.105112	4.118497e+00	-3.836044e+01	-3.424195e+01
108	0.169873	0.0401643	0.495967	0.108308	0.103839	4.118497e+00	-3.974028e+01	-3.562178e+01
110	0.169873	0.0401643	0.495967	0.108308	0.105532	4.118497e+00	-3.923656e+01	-3.511806e+01
112	0.169873	0.0401643	0.495967	0.108331	0.109805	4.118497e+00	-3.808692e+01	-3.396842e+01
114	0.169873	0.0401643	0.54551	0.108331	0.109805	4.118497e+00	-3.742285e+01	-3.330436e+01
116	0.166725	0.0401643	0.54551	0.109502	0.109805	4.120421e+00	-3.458354e+01	-3.046312e+01
118	0.166725	0.0401643	0.50466	0.109671	0.109805	4.120421e+00	-3.408402e+01	-2.996360e+01
120	0.166725	0.0401643	0.50466	0.109671	0.106297	4.120421e+00	-3.481192e+01	-3.069150e+01
122	0.166725	0.0401643	0.50466	0.109671	0.10842	4.120421e+00	-3.435791e+01	-3.023749e+01
124	0.166725	0.0401643	0.50466	0.109079	0.10842	4.120421e+00	-3.495946e+01	-3.083904e+01
126	0.165039	0.0401643	0.50466	0.108621	0.106202	4.121438e+00	-3.592131e+01	-3.179987e+01
128	0.165039	0.0401643	0.512132	0.108008	0.106202	4.121438e+00	-3.482504e+01	-3.070360e+01
130	0.165039	0.0401643	0.512132	0.108819	0.106202	4.121438e+00	-3.396891e+01	-2.984747e+01
132	0.165039	0.0401643	0.510735	0.109929	0.108782	4.121438e+00	-3.264013e+01	-2.851869e+01
134	0.167917	0.0401643	0.510735	0.109891	0.108782	4.119697e+00	-3.289441e+01	-2.877472e+01
136	0.167917	0.0401643	0.510735	0.109545	0.108782	4.119697e+00	-3.324400e+01	-2.912430e+01
138	0.167917	0.0401643	0.510735	0.109545	0.108782	4.119697e+00	-3.324400e+01	-2.912430e+01
140	0.167917	0.0401643	0.510735	0.109545	0.108782	4.119697e+00	-3.324400e+01	-2.912430e+01
142	0.17035	0.0401643	0.510735	0.109848	0.105267	4.118203e+00	-3.400452e+01	-2.988632e+01
144	0.17035	0.0401643	0.510735	0.109848	0.108234	4.118203e+00	-3.342889e+01	-2.931068e+01
146	0.17035	0.0401643	0.510735	0.109848	0.108981	4.118203e+00	-3.329609e+01	-2.917789e+01
148	0.17035	0.0401643	0.510735	0.107126	0.109046	4.118203e+00	-3.615445e+01	-3.203625e+01
150	0.159527	0.0401643	0.519321	0.108044	0.109046	4.124687e+00	-3.335502e+01	-2.923033e+01
152	0.159527	0.0401643	0.519321	0.108076	0.109046	4.124687e+00	-3.332079e+01	-2.919610e+01
154	0.159527	0.0401643	0.538095	0.108802	0.0957948	4.124687e+00	-3.355400e+01	-2.942931e+01
156	0.160126	0.0401643	0.538095	0.108243	0.102786	4.124339e+00	-3.340914e+01	-2.928480e+01
158	0.160126	0.0401643	0.538095	0.108488	0.102786	4.124339e+00	-3.313194e+01	-2.900760e+01
160	0.163803	0.0401643	0.538095	0.108173	0.099964	4.122176e+00	-3.465118e+01	-3.052901e+01
162	0.153075	0.0401643	0.538095	0.108173	0.101293	4.128328e+00	-3.362936e+01	-2.950103e+01
164	0.166817	0.0401643	0.538095	0.105961	0.103197	4.120365e+00	-3.789752e+01	-3.377715e+01
166	0.171981	0.0401643	0.538095	0.106239	0.106367	4.117191e+00	-3.956731e+01	-3.545012e+01
168	0.171981	0.0401643	0.538095	0.106235	0.105198	4.117191e+00	-3.973611e+01	-3.561891e+01
170	0.171981	0.0401643	0.538095	0.105855	0.108842	4.117191e+00	-3.972738e+01	-3.561019e+01
172	0.156752	0.0401643	0.538095	0.105956	0.108842	4.126275e+00	-3.540883e+01	-3.128256e+01
174	0.151635	0.0401643	0.538095	0.107006	0.107987	4.129115e+00	-3.479064e+01	-3.066152e+01
176	0.157956	0.0401643	0.538095	0.107588	0.0984083	4.125590e+00	-3.440593e+01	-3.028034e+01
178	0.157956	0.0401643	0.538095	0.107588	0.104361	4.125590e+00	-3.379746e+01	-2.967187e+01
180	0.151338	0.0401643	0.538095	0.107588	0.107929	4.129276e+00	-3.417245e+01	-3.004317e+01
182	0.162806	0.0401643	0.538095	0.107588	0.10767	4.122768e+00	-3.424449e+01	-3.012172e+01
184	0.16162	0.0401643	0.538095	0.108309	0.0981818	4.123467e+00	-3.415987e+01	-3.003640e+01
186	0.15127	0.0401643	0.541558	0.108309	0.0913508	4.129312e+00	-3.499511e+01	-3.086579e+01
188	0.15127	0.0401643	0.560141	0.109486	0.106536	4.129312e+00	-3.473516e+01	-3.060585e+01
190	0.167007	0.0401643	0.560141	0.109486	0.107939	4.120250e+00	-3.962830e+01	-3.550805e+01
192	0.15416	0.0401643	0.525803	0.109486	0.106726	4.127729e+00	-3.215381e+01	-2.802608e+01
194	0.15416	0.0401643	0.548816	0.109486	0.0903207	4.127729e+00	-3.388083e+01	-2.975310e+01
196	0.15416	0.0401643	0.548816	0.109869	0.0990309	4.127729e+00	-3.250763e+01	-2.837990e+01
198	0.15416	0.0401643	0.533823	0.10807	0.0934792	4.127729e+00	-3.479710e+01	-3.066937e+01
200	0.15416	0.0401643	0.529518	0.10807	0.105521	4.127729e+00	-3.346130e+01	-2.933357e+01
