iter	min_F(1)	max_F(1)	ka(1)	ke(1)	F(1)	SD_C_central(1)	SD_AUC(1)	LnPrior	LnData	LnPosterior
0	0.419154	0.435497	0.912774	0.0727445	0.426992	0.099177	0.107916	8.908989e+00	-5.871640e+03	-5.862731e+03
1	0.403781	0.574276	0.912774	0.0727445	0.524238	0.099177	0.107916	6.537991e+00	-5.339961e+03	-5.333423e+03
2	0.270704	0.538152	0.912774	0.0727445	0.534797	0.109634	0.107916	5.886301e+00	-4.436712e+03	-4.430826e+03
3	0.295685	0.649417	0.912774	0.0727445	0.553479	0.109634	0.109912	5.641543e+00	-4.358481e+03	-4.352840e+03
4	0.433914	0.585033	0.912774	0.0727445	0.573439	0.109634	0.109912	6.710494e+00	-4.303973e+03	-4.297262e+03
5	0.359979	0.585033	0.912774	0.0727445	0.573439	0.109634	0.109912	6.189464e+00	-4.303973e+03	-4.297783e+03
6	0.267896	0.585033	0.912774	0.0727445	0.573439	0.109634	0.109912	5.712052e+00	-4.303973e+03	-4.298261e+03
7	0.391991	0.585033	0.912774	0.0727445	0.573439	0.109634	0.109912	6.394209e+00	-4.303973e+03	-4.297579e+03
8	0.391991	0.585033	0.912774	0.0334788	0.415812	0.109634	0.109912	6.392202e+00	-6.647425e+02	-6.583503e+02
9	0.362514	0.580185	0.912774	0.0334788	0.389112	0.109634	0.109912	6.224781e+00	-6.132777e+02	-6.070530e+02
10	0.362514	0.580185	0.912774	0.0334788	0.389112	0.109634	0.109912	6.224781e+00	-6.132777e+02	-6.070530e+02
11	0.362514	0.470418	0.912774	0.0334788	0.389112	0.109634	0.109912	6.926524e+00	-6.132777e+02	-6.063512e+02
12	0.313496	0.469754	0.912774	0.0334788	0.360112	0.109634	0.109912	6.482175e+00	-5.717018e+02	-5.652196e+02
13	0.33154	0.469754	0.912774	0.0334788	0.360112	0.109634	0.109912	6.631522e+00	-5.717018e+02	-5.650703e+02
14	0.33154	0.469754	0.912774	0.0334788	0.360112	0.109634	0.109912	6.631522e+00	-5.717018e+02	-5.650703e+02
15	0.33154	0.438161	0.323191	0.0334788	0.360112	0.109634	0.109912	7.238216e+00	-2.367418e+02	-2.295036e+02
16	0.325865	0.520802	0.323191	0.0334788	0.36728	0.109634	0.109912	6.626365e+00	-2.344174e+02	-2.277911e+02
17	0.326387	0.597501	0.323191	0.0334788	0.36728	0.109364	0.109912	6.297275e+00	-2.354149e+02	-2.291176e+02
18	0.279721	0.66114	0.323191	0.0334788	0.36728	0.109364	0.109912	5.888931e+00	-2.354149e+02	-2.295260e+02
19	0.263272	0.596134	0.323191	0.0334788	0.36728	0.109364	0.109912	6.002523e+00	-2.354149e+02	-2.294124e+02
20	0.339294	0.612565	0.323191	0.0334788	0.36728	0.109364	0.109912	6.308698e+00	-2.354149e+02	-2.291062e+02
21	0.339294	0.612565	0.323191	0.0334788	0.36728	0.109364	0.109493	6.308698e+00	-2.359080e+02	-2.295993e+02
22	0.339294	0.777374	0.323191	0.0334788	0.370912	0.109364	0.109332	5.836760e+00	-2.354081e+02	-2.295713e+02
23	0.255463	0.612158	0.323191	0.0334788	0.370912	0.109364	0.109332	5.922824e+00	-2.354081e+02	-2.294852e+02
24	0.255463	0.765147	0.323191	0.0334788	0.370912	0.109364	0.109332	5.565915e+00	-2.354081e+02	-2.298421e+02
25	0.255463	0.574371	0.323191	0.0334788	0.370912	0.109364	0.108032	6.034801e+00	-2.369444e+02	-2.309096e+02
26	0.255463	0.598718	0.323191	0.0334788	0.370912	0.109364	0.108665	5.961231e+00	-2.361884e+02	-2.302272e+02
27	0.255463	0.638357	0.323191	0.0334788	0.370912	0.109883	0.108264	5.851947e+00	-2.347432e+02	-2.288913e+02
28	0.349776	0.638357	0.323191	0.0334788	0.370912	0.109883	0.109021	6.270175e+00	-2.338477e+02	-2.275775e+02
29	0.349776	0.689987	0.323191	0.0334788	0.370912	0.109883	0.109235	6.105586e+00	-2.335983e+02	-2.274927e+02
30	0.290274	0.468975	0.323191	0.0334788	0.370912	0.109883	0.109235	6.661879e+00	-2.335983e+02	-2.269364e+02
31	0.331461	0.600466	0.323191	0.0334788	0.370912	0.109883	0.108821	6.312643e+00	-2.340820e+02	-2.277694e+02
32	0.331461	0.71383	0.323191	0.0334788	0.370912	0.109512	0.108821	5.960988e+00	-2.354544e+02	-2.294934e+02
33	0.331461	0.83947	0.323191	0.0334788	0.370912	0.109512	0.108821	5.676876e+00	-2.354544e+02	-2.297775e+02
34	0.331461	0.726426	0.323191	0.0334788	0.370912	0.109403	0.108821	5.928576e+00	-2.358584e+02	-2.299298e+02
35	0.303276	0.791552	0.307761	0.0334788	0.370912	0.109403	0.108821	5.686303e+00	-2.280217e+02	-2.223354e+02
36	0.307411	0.514188	0.307761	0.0334788	0.370912	0.109403	0.108821	6.551496e+00	-2.280217e+02	-2.214702e+02
37	0.269612	0.445882	0.307761	0.0334788	0.370912	0.109403	0.108821	6.657979e+00	-2.280217e+02	-2.213637e+02
38	0.287965	0.445882	0.307761	0.0334788	0.370912	0.109403	0.108551	6.793375e+00	-2.283198e+02	-2.215264e+02
39	0.254929	0.569128	0.307761	0.0334788	0.388015	0.109847	0.108193	6.060064e+00	-2.263005e+02	-2.202405e+02
40	0.268841	0.534391	0.307761	0.0334788	0.388015	0.109847	0.108193	6.247140e+00	-2.263005e+02	-2.200534e+02
41	0.282238	0.534391	0.307761	0.0334788	0.388015	0.109847	0.108193	6.317396e+00	-2.263005e+02	-2.199831e+02
42	0.339015	0.967516	0.307761	0.0334788	0.388015	0.109847	0.108193	5.486504e+00	-2.263005e+02	-2.208140e+02
43	0.339015	0.543017	0.307761	0.0334788	0.388015	0.109847	0.109566	6.611713e+00	-2.249682e+02	-2.183565e+02
44	0.339015	0.543017	0.307761	0.0334788	0.388015	0.109847	0.109431	6.611713e+00	-2.250968e+02	-2.184851e+02
45	0.278023	0.543017	0.307761	0.0334788	0.388015	0.109948	0.109845	6.261873e+00	-2.243300e+02	-2.180681e+02
46	0.278023	0.543017	0.307761	0.0334788	0.388015	0.109948	0.109845	6.261873e+00	-2.243300e+02	-2.180681e+02
47	0.377927	0.92597	0.307761	0.0334788	0.388015	0.109948	0.109845	5.684162e+00	-2.243300e+02	-2.186458e+02
48	0.377927	0.427146	0.307761	0.0334788	0.388015	0.109947	0.109845	8.094237e+00	-2.243327e+02	-2.162385e+02
49	0.377927	0.651639	0.252335	0.0334788	0.388015	0.109947	0.109845	6.418656e+00	-2.012239e+02	-1.948053e+02
50	0.377927	0.651639	0.252335	0.0334788	0.403193	0.109947	0.108109	6.418656e+00	-2.012818e+02	-1.948631e+02
51	0.377927	0.761612	0.252335	0.0334788	0.403193	0.109913	0.108109	6.080907e+00	-2.014073e+02	-1.953264e+02
52	0.377927	0.730253	0.208303	0.0334788	0.409641	0.109892	0.109543	6.197615e+00	-1.972949e+02	-1.910972e+02
53	0.377927	0.784389	0.208303	0.0334788	0.420305	0.109892	0.109543	6.054681e+00	-1.966837e+02	-1.906290e+02
54	0.377927	0.784389	0.208303	0.0334788	0.420305	0.109892	0.109543	6.054681e+00	-1.966837e+02	-1.906290e+02
55	0.377927	0.745478	0.208303	0.0334788	0.425083	0.109892	0.108307	6.155308e+00	-1.974922e+02	-1.913369e+02
56	0.254365	0.99615	0.208303	0.0334788	0.425083	0.109961	0.108307	5.271931e+00	-1.972258e+02	-1.919539e+02
57	0.254365	0.99615	0.208303	0.0334788	0.425083	0.109961	0.108307	5.271931e+00	-1.972258e+02	-1.919539e+02
58	0.254365	0.88433	0.208303	0.0334788	0.425083	0.109961	0.108307	5.435325e+00	-1.972258e+02	-1.917905e+02
59	0.294715	0.650423	0.208303	0.0334788	0.426481	0.109961	0.105749	6.062514e+00	-1.982398e+02	-1.921773e+02
60	0.348045	0.572518	0.208303	0.0334788	0.426481	0.109494	0.109598	6.601494e+00	-1.988501e+02	-1.922486e+02
61	0.340068	0.644495	0.208303	0.0334788	0.428887	0.109474	0.109598	6.284655e+00	-1.993695e+02	-1.930849e+02
62	0.320739	0.644495	0.208303	0.0334788	0.428887	0.109474	0.109598	6.194229e+00	-1.993695e+02	-1.931753e+02
63	0.320739	0.644495	0.208303	0.0334788	0.428887	0.109474	0.109598	6.194229e+00	-1.993695e+02	-1.931753e+02
64	0.320739	0.482868	0.208303	0.0334788	0.428887	0.109474	0.103288	6.885826e+00	-2.013395e+02	-1.944537e+02
65	0.320739	0.721299	0.208303	0.0334788	0.42264	0.109347	0.103288	5.981358e+00	-2.012118e+02	-1.952305e+02
66	0.273075	0.728706	0.208303	0.0334788	0.42264	0.109276	0.103288	5.784721e+00	-2.014898e+02	-1.957051e+02
67	0.251429	0.525491	0.208303	0.0334788	0.42264	0.109276	0.109676	6.263707e+00	-1.991831e+02	-1.929194e+02
68	0.251429	0.540297	0.208303	0.0334788	0.42264	0.109276	0.109676	6.211092e+00	-1.991831e+02	-1.929720e+02
69	0.251429	0.825818	0.208303	0.0334788	0.42264	0.109276	0.109676	5.523754e+00	-1.991831e+02	-1.936594e+02
70	0.251429	0.825818	0.208303	0.0334788	0.42264	0.109932	0.109676	5.523754e+00	-1.966438e+02	-1.911200e+02
71	0.347267	0.571349	0.208303	0.0334788	0.42264	0.109932	0.109676	6.602046e+00	-1.966438e+02	-1.900417e+02
72	0.347267	0.501871	0.208303	0.0334788	0.42264	0.109932	0.109676	6.973192e+00	-1.966438e+02	-1.896706e+02
73	0.384934	0.454948	0.208303	0.0334788	0.42264	0.109932	0.109676	7.824797e+00	-1.966438e+02	-1.888190e+02
74	0.384934	0.454948	0.208303	0.0334788	0.42264	0.109932	0.109676	7.824797e+00	-1.966438e+02	-1.888190e+02
75	0.384934	0.463386	0.210932	0.0334788	0.43209	0.10988	0.1071	7.709176e+00	-1.991537e+02	-1.914445e+02
76	0.384934	0.463386	0.210932	0.0334788	0.425961	0.109643	0.1071	7.709176e+00	-1.987756e+02	-1.910664e+02
77	0.384934	0.463386	0.210932	0.0334788	0.425961	0.109909	0.1071	7.709176e+00	-1.977446e+02	-1.900354e+02
78	0.384934	0.463386	0.210932	0.0334788	0.425961	0.109909	0.1071	7.709176e+00	-1.977446e+02	-1.900354e+02
79	0.384934	0.579319	0.210932	0.0334788	0.425961	0.109909	0.1071	6.801818e+00	-1.977446e+02	-1.909428e+02
80	0.347661	0.488575	0.210932	0.0334788	0.425961	0.109909	0.1071	7.064674e+00	-1.977446e+02	-1.906799e+02
81	0.347661	0.489213	0.210932	0.0334788	0.425961	0.109909	0.1071	7.060162e+00	-1.977446e+02	-1.906844e+02
82	0.347661	0.489213	0.210932	0.0334788	0.409928	0.109909	0.1071	7.060162e+00	-1.976942e+02	-1.906340e+02
83	0.347661	0.489213	0.232196	0.0334788	0.409928	0.109909	0.106271	7.045085e+00	-1.978392e+02	-1.907941e+02
84	0.274431	0.697757	0.232196	0.0334788	0.409928	0.109819	0.106271	5.843218e+00	-1.981707e+02	-1.923275e+02
85	0.274431	0.466915	0.232196	0.0334788	0.409928	0.109819	0.106271	6.631350e+00	-1.981707e+02	-1.915393e+02
86	0.274431	0.988571	0.232196	0.0334788	0.409928	0.109937	0.106271	5.320281e+00	-1.977348e+02	-1.924145e+02
87	0.274431	0.540662	0.222418	0.0334788	0.409928	0.109937	0.108674	6.313975e+00	-1.957787e+02	-1.894648e+02
88	0.406347	0.540662	0.222418	0.0334788	0.411615	0.109839	0.108674	7.198811e+00	-1.961204e+02	-1.889216e+02
89	0.406347	0.540662	0.222418	0.0334788	0.411615	0.109839	0.108674	7.198811e+00	-1.961204e+02	-1.889216e+02
90	0.406347	0.590856	0.222418	0.0334788	0.411615	0.109839	0.108674	6.881303e+00	-1.961204e+02	-1.892391e+02
91	0.406347	0.590856	0.222418	0.0334788	0.411615	0.109746	0.108674	6.881303e+00	-1.964667e+02	-1.895854e+02
92	0.406347	0.979441	0.222418	0.0334788	0.414216	0.109746	0.108674	5.747950e+00	-1.965471e+02	-1.907991e+02
93	0.284369	0.979441	0.222418	0.0334788	0.414216	0.109746	0.107073	5.368113e+00	-1.972288e+02	-1.918607e+02
94	0.284369	0.894626	0.222418	0.0334788	0.414216	0.109746	0.107073	5.498249e+00	-1.972288e+02	-1.917306e+02
95	0.284369	0.637165	0.222418	0.0334788	0.413081	0.108559	0.107073	6.046239e+00	-2.017121e+02	-1.956659e+02
96	0.284369	0.597721	0.222418	0.0334788	0.413081	0.108569	0.107073	6.164801e+00	-2.016700e+02	-1.955052e+02
97	0.405023	0.597721	0.222418	0.0334788	0.413081	0.108569	0.107073	6.835643e+00	-2.016700e+02	-1.948344e+02
98	0.405023	0.597721	0.222418	0.0334788	0.413081	0.109475	0.108652	6.835643e+00	-1.975228e+02	-1.906871e+02
99	0.405023	0.597721	0.222418	0.0334788	0.413081	0.109696	0.108652	6.835643e+00	-1.966920e+02	-1.898564e+02
100	0.405023	0.597721	0.222418	0.0334788	0.413081	0.109998	0.108652	6.835643e+00	-1.955657e+02	-1.887301e+02
101	0.405023	0.506976	0.222418	0.0334788	0.413081	0.109998	0.108652	7.472257e+00	-1.955657e+02	-1.880935e+02
102	0.405023	0.638321	0.214461	0.0334788	0.413081	0.109832	0.108652	6.650075e+00	-1.964460e+02	-1.897960e+02
103	0.405023	0.45844	0.214461	0.0334788	0.41571	0.109975	0.106967	8.124247e+00	-1.965475e+02	-1.884232e+02
104	0.405023	0.45844	0.214461	0.0334788	0.41571	0.109975	0.108719	8.124247e+00	-1.958396e+02	-1.877153e+02
105	0.405023	0.79939	0.214461	0.0334788	0.41571	0.109975	0.108025	6.125109e+00	-1.961144e+02	-1.899893e+02
106	0.258486	0.657947	0.225249	0.0334788	0.41571	0.109975	0.109841	5.884470e+00	-1.955535e+02	-1.896690e+02
107	0.357773	0.657947	0.225249	0.0334788	0.411412	0.109951	0.10924	6.313975e+00	-1.955749e+02	-1.892609e+02
108	0.333791	0.657947	0.225249	0.0334788	0.401127	0.109951	0.10962	6.200451e+00	-1.961314e+02	-1.899309e+02
109	0.323319	0.657947	0.222393	0.0334788	0.408734	0.109951	0.107877	6.155091e+00	-1.961499e+02	-1.899949e+02
110	0.323319	0.751648	0.222393	0.0334788	0.408734	0.109949	0.107877	5.908219e+00	-1.961560e+02	-1.902478e+02
111	0.321747	0.623332	0.222393	0.0334788	0.408734	0.109949	0.107877	6.256738e+00	-1.961560e+02	-1.898993e+02
112	0.321747	0.467755	0.222393	0.0334788	0.408734	0.109949	0.107877	6.982127e+00	-1.961560e+02	-1.891739e+02
113	0.365187	0.536094	0.222393	0.0334788	0.424929	0.109949	0.107877	6.890858e+00	-1.977266e+02	-1.908357e+02
114	0.363025	0.536094	0.222393	0.0334788	0.424929	0.109949	0.108512	6.874889e+00	-1.975072e+02	-1.906323e+02
115	0.309114	0.536094	0.222393	0.0334788	0.424929	0.109949	0.10957	6.522475e+00	-1.971526e+02	-1.906301e+02
116	0.362041	0.919219	0.222393	0.0334788	0.405233	0.109949	0.108557	5.704151e+00	-1.961558e+02	-1.904517e+02
117	0.362041	0.99941	0.222393	0.0334788	0.405233	0.109949	0.109499	5.569688e+00	-1.956968e+02	-1.901271e+02
118	0.362041	0.512337	0.222393	0.0334788	0.405233	0.109949	0.109499	7.014425e+00	-1.956968e+02	-1.886823e+02
119	0.362041	0.621763	0.222393	0.0334788	0.405233	0.109949	0.107319	6.467425e+00	-1.967828e+02	-1.903154e+02
120	0.394047	0.621763	0.218012	0.0334788	0.405233	0.109949	0.109346	6.653512e+00	-1.961027e+02	-1.894492e+02
121	0.394047	0.541192	0.226301	0.0334788	0.402419	0.109949	0.109114	7.084308e+00	-1.961755e+02	-1.890912e+02
122	0.394047	0.653698	0.226301	0.0334788	0.410954	0.109949	0.10756	6.516387e+00	-1.963978e+02	-1.898814e+02
123	0.401206	0.638549	0.226301	0.0334788	0.410954	0.109949	0.106328	6.618105e+00	-1.969833e+02	-1.903652e+02
124	0.401206	0.471936	0.226301	0.0334788	0.404031	0.109949	0.10538	7.828735e+00	-1.979668e+02	-1.901381e+02
125	0.401206	0.471936	0.226301	0.0334788	0.404031	0.109949	0.109415	7.828735e+00	-1.958208e+02	-1.879921e+02
126	0.401206	0.471936	0.226301	0.0334788	0.411872	0.109949	0.109864	7.828735e+00	-1.954093e+02	-1.875805e+02
127	0.401206	0.471936	0.226301	0.0334788	0.411872	0.109949	0.109864	7.828735e+00	-1.954093e+02	-1.875805e+02
128	0.401206	0.471936	0.226301	0.0334788	0.411872	0.109949	0.107474	7.828735e+00	-1.964606e+02	-1.886319e+02
129	0.401206	0.471936	0.226301	0.0334788	0.418465	0.109949	0.107474	7.828735e+00	-1.971107e+02	-1.892820e+02
130	0.401206	0.471936	0.225828	0.0334788	0.405089	0.109949	0.109125	7.829072e+00	-1.958516e+02	-1.880225e+02
131	0.392634	0.61554	0.225828	0.0334788	0.405089	0.109797	0.109125	6.666988e+00	-1.964074e+02	-1.897404e+02
132	0.301166	0.61554	0.225828	0.0334788	0.407253	0.109797	0.109125	6.182869e+00	-1.962571e+02	-1.900743e+02
133	0.251269	0.570712	0.225828	0.0334788	0.418643	0.109797	0.109125	6.097909e+00	-1.969946e+02	-1.908967e+02
134	0.251269	0.670255	0.225828	0.0334788	0.418643	0.109797	0.108442	5.826651e+00	-1.972590e+02	-1.914324e+02
135	0.251269	0.665245	0.225828	0.0334788	0.418643	0.109619	0.108442	5.838681e+00	-1.979357e+02	-1.920970e+02
136	0.335749	0.665245	0.210058	0.0334788	0.409477	0.109619	0.108442	6.197778e+00	-1.984118e+02	-1.922140e+02
137	0.374338	0.501555	0.210058	0.0334788	0.409477	0.109855	0.108442	7.209291e+00	-1.975298e+02	-1.903205e+02
138	0.393053	0.892427	0.210058	0.0334788	0.409477	0.109328	0.108442	5.872207e+00	-1.995075e+02	-1.936353e+02
139	0.356112	0.815996	0.230556	0.0334788	0.409477	0.109328	0.108077	5.880993e+00	-1.988617e+02	-1.929807e+02
140	0.356112	0.807937	0.230556	0.0334788	0.409477	0.109328	0.108077	5.898672e+00	-1.988617e+02	-1.929630e+02
141	0.356112	0.522654	0.221204	0.0334788	0.409477	0.109857	0.108683	6.903385e+00	-1.960948e+02	-1.891914e+02
142	0.356112	0.430873	0.221204	0.0334788	0.409477	0.109997	0.108683	7.704332e+00	-1.955792e+02	-1.878748e+02
143	0.356112	0.430873	0.221204	0.0334788	0.409477	0.109997	0.108683	7.704332e+00	-1.955792e+02	-1.878748e+02
144	0.364821	0.430873	0.221204	0.0334788	0.409477	0.109997	0.107364	7.841805e+00	-1.961898e+02	-1.883480e+02
145	0.364821	0.430873	0.221204	0.0334788	0.409477	0.109997	0.106718	7.841805e+00	-1.964997e+02	-1.886579e+02
146	0.364821	0.430873	0.221204	0.0334788	0.416977	0.109997	0.106718	7.841805e+00	-1.965498e+02	-1.887080e+02
147	0.364821	0.430873	0.221204	0.0334788	0.416977	0.109997	0.105919	7.841805e+00	-1.968894e+02	-1.890476e+02
148	0.364821	0.430873	0.221204	0.0334788	0.416977	0.109997	0.105919	7.841805e+00	-1.968894e+02	-1.890476e+02
149	0.30198	0.546707	0.221204	0.0334788	0.416977	0.109997	0.105919	6.437764e+00	-1.968894e+02	-1.904517e+02
150	0.327363	0.546707	0.221204	0.0334788	0.416977	0.109997	0.108907	6.584305e+00	-1.956682e+02	-1.890839e+02
151	0.263354	0.602134	0.221204	0.0334788	0.41149	0.109997	0.108907	6.058695e+00	-1.954212e+02	-1.893625e+02
152	0.329681	0.602134	0.221204	0.0334788	0.41149	0.109997	0.108907	6.370934e+00	-1.954212e+02	-1.890503e+02
153	0.329681	0.621912	0.221204	0.0334788	0.41149	0.109722	0.108907	6.300858e+00	-1.964442e+02	-1.901433e+02
154	0.329681	0.709656	0.221204	0.0334788	0.41149	0.109722	0.108907	6.038296e+00	-1.964442e+02	-1.904059e+02
155	0.329681	0.997703	0.221204	0.0334788	0.41149	0.109722	0.108907	5.474080e+00	-1.964442e+02	-1.909701e+02
156	0.329681	0.869757	0.221204	0.0334788	0.41149	0.109722	0.108907	5.686692e+00	-1.964442e+02	-1.907575e+02
157	0.370807	0.676466	0.221204	0.0334788	0.41149	0.109811	0.108907	6.319248e+00	-1.961110e+02	-1.897917e+02
158	0.384706	0.733929	0.22492	0.0334788	0.41149	0.109943	0.106794	6.205703e+00	-1.966871e+02	-1.904814e+02
159	0.384706	0.418932	0.228608	0.0334788	0.405333	0.109943	0.106794	8.525789e+00	-1.971491e+02	-1.886233e+02
160	0.299268	0.757385	0.228608	0.0334788	0.405333	0.109943	0.106794	5.801633e+00	-1.971491e+02	-1.913474e+02
161	0.345145	0.508378	0.228608	0.0334788	0.405333	0.109943	0.106794	6.901296e+00	-1.971491e+02	-1.902478e+02
162	0.402104	0.508378	0.228608	0.0334788	0.405333	 0.11	0.106794	7.421447e+00	-1.969421e+02	-1.895207e+02
163	0.402104	0.431657	0.228608	0.0334788	0.41103	 0.11	0.106794	8.701270e+00	-1.967947e+02	-1.880935e+02
164	0.402104	0.431657	0.234122	0.0334788	0.41103	 0.11	0.106794	8.697319e+00	-1.976398e+02	-1.889425e+02
165	0.402104	0.431657	0.208626	0.0334788	0.410029	 0.11	0.107721	8.715388e+00	-1.975692e+02	-1.888539e+02
166	0.402104	0.431657	0.208626	0.0334788	0.411273	 0.11	0.107721	8.715388e+00	-1.973720e+02	-1.886566e+02
167	0.402104	0.431657	0.208626	0.0334788	0.421748	0.10979	0.107721	8.715388e+00	-1.977336e+02	-1.890182e+02
168	0.402104	0.431657	0.208626	0.0334788	0.419017	0.10979	0.107851	8.715388e+00	-1.975888e+02	-1.888734e+02
169	0.402104	0.431657	0.208626	0.0334788	0.430246	0.109477	0.107851	8.715388e+00	-2.001186e+02	-1.914032e+02
170	0.402104	0.434353	0.208626	0.0334788	0.421487	0.109477	0.107851	8.628109e+00	-1.988803e+02	-1.902522e+02
171	0.328472	0.434353	0.21261	0.0334788	0.421487	0.109582	0.107851	7.320352e+00	-1.980942e+02	-1.907739e+02
172	0.328472	0.633849	0.21261	0.0334788	0.421487	0.109582	0.107851	6.261115e+00	-1.980942e+02	-1.918331e+02
173	0.320822	0.633849	0.21261	0.0334788	0.421487	0.109382	0.109265	6.225044e+00	-1.983792e+02	-1.921542e+02
174	0.312314	0.836902	0.21261	0.0334788	0.421487	0.109909	0.108602	5.696270e+00	-1.965777e+02	-1.908814e+02
175	0.312314	0.732207	0.21261	0.0334788	0.421487	0.109909	0.109919	5.918884e+00	-1.961350e+02	-1.902161e+02
176	0.327207	0.820016	0.21261	0.0334788	0.421487	0.109981	0.109919	5.780656e+00	-1.958602e+02	-1.900796e+02
177	0.327207	0.820016	0.21261	0.0334788	0.421487	0.109981	0.109919	5.780656e+00	-1.958602e+02	-1.900796e+02
178	0.327207	0.977879	0.215553	0.0334788	0.421487	0.109981	0.109919	5.500704e+00	-1.957676e+02	-1.902669e+02
179	0.364252	0.641551	0.215553	0.0334788	0.404783	0.109981	0.109919	6.410250e+00	-1.961275e+02	-1.897172e+02
180	0.364252	0.641551	0.234532	0.0334788	0.404783	0.109981	0.109919	6.396739e+00	-1.960227e+02	-1.896260e+02
181	0.282047	0.462454	0.234532	0.0334788	0.404783	0.109981	0.109919	6.705019e+00	-1.960227e+02	-1.893177e+02
182	0.387616	0.462454	0.234532	0.0334788	0.403435	0.109832	0.109919	7.743963e+00	-1.966058e+02	-1.888619e+02
183	0.352278	0.462454	0.229026	0.0334788	0.403435	0.109832	0.109919	7.305051e+00	-1.961364e+02	-1.888313e+02
184	0.352278	0.653562	0.225197	0.0334788	0.403435	0.109832	0.109919	6.301805e+00	-1.960676e+02	-1.897658e+02
185	0.352278	0.464442	0.225197	0.0334788	0.403435	0.109832	0.109919	7.289897e+00	-1.960676e+02	-1.887777e+02
186	0.352278	0.464442	0.225197	0.0334788	0.403435	0.109381	0.109919	7.289897e+00	-1.977255e+02	-1.904356e+02
187	0.352278	0.464442	0.225197	0.0334788	0.403435	0.109442	0.109919	7.289897e+00	-1.974999e+02	-1.902100e+02
188	0.352278	0.464442	0.225197	0.0334788	0.403435	0.109442	0.109919	7.289897e+00	-1.974999e+02	-1.902100e+02
189	0.352278	0.414495	0.236204	0.0334788	0.403435	0.109162	0.109919	7.871348e+00	-1.992980e+02	-1.914266e+02
190	0.352278	0.414495	0.236204	0.0334788	0.403435	0.109162	0.104188	7.871348e+00	-2.025212e+02	-1.946499e+02
191	0.352278	0.414495	0.217786	0.0334788	0.403435	0.109528	0.104188	7.884485e+00	-2.008241e+02	-1.929396e+02
192	0.352278	0.414495	0.217786	0.0334788	0.403435	0.109587	0.10524	7.884485e+00	-1.999888e+02	-1.921043e+02
193	0.352278	0.414495	0.217786	0.0334788	0.404134	0.109837	0.10524	7.884485e+00	-1.989033e+02	-1.910188e+02
194	0.352278	0.414495	0.217786	0.0334788	0.404134	0.109833	0.10524	7.884485e+00	-1.989150e+02	-1.910305e+02
195	0.352278	0.414495	0.225772	0.0334788	0.404134	0.109833	0.10524	7.878818e+00	-1.984467e+02	-1.905679e+02
196	0.352278	0.414495	0.225772	0.0334788	0.409285	0.109833	0.10683	7.878818e+00	-1.971477e+02	-1.892689e+02
197	0.378832	0.414495	0.225772	0.0334788	0.409285	0.109833	0.105664	8.477190e+00	-1.977320e+02	-1.892548e+02
198	0.378832	0.414495	0.217921	0.0334788	0.412934	0.109833	0.10979	8.482762e+00	-1.957257e+02	-1.872429e+02
199	0.357979	0.414495	0.217921	0.0334788	0.412934	0.109833	0.10979	7.989332e+00	-1.957257e+02	-1.877364e+02
200	0.388056	0.414495	0.217921	0.0334788	0.412934	0.109731	0.10979	8.796969e+00	-1.961101e+02	-1.873131e+02
