iter	A(1)	B(1)	A(1.1)	B(1.1)	A(1.2)	B(1.2)	A(1.3)	B(1.3)	A(1.4)	B(1.4)	A(1.5)	B(1.5)	A(1.6)	B(1.6)	A(1.7)	B(1.7)	A(1.8)	B(1.8)	A(1.9)	B(1.9)	A(1.10)	B(1.10)	LnPrior	LnData	LnPosterior
0	-14.5144	7.31139	-14.5594	1.1687	-14.3811	7.26615	-14.4549	7.37726	-14.4495	7.46384	-14.6442	7.0265	-14.4673	7.19838	-14.5788	7.5114	-14.5135	7.03077	-14.7273	7.28215	-14.3967	7.55332	-4.678800e+02	-1.299077e+07	-1.299124e+07
1	-14.5144	7.31139	-14.5511	1.1687	-14.3811	7.2052	-14.4549	7.12272	-14.4495	7.34502	-14.7349	7.0265	-14.4999	7.02671	-14.6308	7.5114	-14.5135	7.03077	-14.9161	7.11755	-14.3967	7.55332	-4.771492e+02	-1.249852e+07	-1.249900e+07
2	-14.5144	7.31139	-14.5511	1.1687	-14.4107	7.18542	-14.4549	7.12272	-14.4495	7.34502	-14.79	7.0265	-14.5781	6.5433	-14.6308	7.4322	-14.5437	7.03077	-14.9161	7.11755	-14.4068	7.55332	-4.843874e+02	-1.215537e+07	-1.215586e+07
3	-14.5144	7.31139	-14.5511	1.1687	-14.4239	7.18542	-14.4549	6.954	-14.4495	7.34502	-14.79	7.0265	-14.5781	6.30414	-14.6308	7.0897	-14.5437	7.03077	-15.1424	7.07073	-14.4068	7.30963	-5.023237e+02	-1.151872e+07	-1.151923e+07
4	-14.5144	7.31139	-14.4915	1.1687	-14.6066	7.16985	-14.4549	6.954	-14.4667	7.34502	-14.8153	6.81225	-14.5894	6.30414	-14.6308	7.0897	-14.6535	7.03077	-15.1589	6.90947	-14.4068	7.03808	-5.093675e+02	-1.111395e+07	-1.111446e+07
5	-14.5144	7.31139	-14.445	1.1687	-14.6066	7.15143	-14.4549	6.954	-14.4667	7.03337	-14.8543	6.7751	-14.5894	6.20288	-14.6409	7.0897	-14.831	7.03077	-15.3155	6.71343	-14.4106	6.90935	-5.340008e+02	-1.065472e+07	-1.065526e+07
6	-14.5144	6.56212	-14.445	1.1687	-14.7097	7.15143	-14.5151	6.83923	-14.4667	7.03337	-14.8543	6.7751	-14.6006	5.83936	-14.6409	7.01398	-14.831	7.03077	-15.3155	6.67395	-14.4106	6.63102	-4.180662e+02	-1.020837e+07	-1.020879e+07
7	-14.7521	6.56212	-14.4431	1.1687	-14.8027	7.13117	-14.5151	6.83923	-14.5726	6.56515	-14.8571	5.55188	-14.6257	5.74504	-14.6748	7.01398	-14.9146	7.01174	-15.3155	6.67395	-14.4106	6.57976	-4.159005e+02	-9.309533e+06	-9.309949e+06
8	-14.7521	6.56212	-14.4259	1.1687	-14.8526	7.13117	-14.5151	6.83923	-14.5845	6.48662	-14.8571	5.37006	-14.6257	5.74504	-14.6748	7.01398	-14.9146	7.01174	-15.3321	6.67395	-14.42	6.47464	-4.224170e+02	-9.152341e+06	-9.152764e+06
9	-14.7521	6.56212	-14.4259	1.1687	-15.0617	7.13117	-14.6017	6.83923	-14.5845	6.09645	-14.8571	4.85916	-14.6257	5.74504	-14.7089	6.95096	-14.9146	6.95174	-15.5041	6.67395	-14.4292	6.39367	-4.560728e+02	-8.691462e+06	-8.691918e+06
10	-14.7521	6.56212	-14.4259	1.1687	-15.1253	7.13117	-14.8724	6.83923	-14.5845	5.72123	-15.0269	4.85916	-14.6284	5.74504	-14.7089	6.95096	-14.9322	6.95174	-15.5179	6.62889	-14.4355	6.26365	-4.689564e+02	-8.439745e+06	-8.440214e+06
11	-14.7521	6.56212	-14.3527	1.1687	-15.1253	7.13117	-14.8724	6.43014	-14.5845	5.68583	-15.1353	4.85916	-14.6472	5.65506	-14.7089	6.95096	-15.0249	6.95174	-15.5179	6.62889	-14.4355	6.26365	-4.790239e+02	-8.165138e+06	-8.165617e+06
12	-14.7521	6.56212	-14.3459	1.1687	-15.1253	7.07368	-15.0791	6.24009	-14.5845	5.28907	-15.1791	4.85916	-14.6472	5.61852	-14.7089	6.95096	-15.0249	6.95174	-15.6103	6.62889	-14.4355	6.26365	-5.050068e+02	-7.887075e+06	-7.887580e+06
13	-14.7521	6.56212	-14.3459	1.1687	-15.1653	6.94903	-15.0791	6.24009	-14.67	4.88433	-15.2413	4.43669	-14.6472	5.61852	-14.7089	6.88111	-15.2252	6.8922	-15.6103	6.62889	-14.4355	6.26365	-5.484194e+02	-7.537466e+06	-7.538014e+06
14	-14.7521	6.56212	-14.3459	1.1687	-15.1653	6.94903	-15.5584	5.80998	-14.7614	4.88433	-15.4892	4.43669	-14.6892	5.61852	-14.7273	6.88111	-15.2395	6.7988	-15.6103	6.62889	-14.4434	6.26365	-5.955919e+02	-7.277687e+06	-7.278282e+06
15	-14.7521	6.56212	-14.2904	1.1687	-15.2188	6.94903	-15.8183	5.80998	-14.9297	4.88433	-15.5111	4.43669	-14.7289	5.60938	-14.7273	6.88111	-15.5677	6.78254	-15.6103	6.62889	-14.449	6.17442	-6.498375e+02	-7.187234e+06	-7.187884e+06
16	-14.7521	6.56212	-14.2904	1.1687	-15.2188	6.91395	-16.0518	5.80998	-15.1411	4.88433	-15.5111	4.43669	-14.7395	5.3692	-14.7351	6.59292	-15.6095	6.75759	-15.6103	6.31853	-14.46	6.17442	-6.919915e+02	-6.754776e+06	-6.755468e+06
17	-14.7521	6.56212	-14.2904	1.1687	-15.2188	6.91395	-16.0518	5.80998	-15.187	4.58041	-15.647	4.40443	-14.7395	5.3692	-14.7351	6.59292	-15.7313	6.75759	-15.6103	6.17042	-14.4687	6.17442	-7.328646e+02	-6.621372e+06	-6.622105e+06
18	-14.7521	6.56212	-14.2467	1.1687	-15.2188	6.91395	-16.263	5.80998	-15.187	4.58041	-15.6747	4.16103	-14.7395	5.3692	-14.7672	6.59292	-15.7575	6.75759	-15.6103	6.17042	-14.473	6.17442	-7.835221e+02	-6.574005e+06	-6.574789e+06
19	-14.7521	6.56212	-14.2467	1.1687	-15.2229	6.82614	-16.263	5.80998	-15.252	4.58041	-15.6747	3.9434	-14.8132	5.3692	-14.7917	6.32682	-15.7575	6.64239	-15.6103	6.17042	-14.4771	6.06697	-8.013320e+02	-6.256850e+06	-6.257651e+06
20	-14.7521	6.56212	-14.2467	1.1687	-15.2777	6.82614	-16.2929	5.80998	-15.252	4.58041	-15.6747	3.9434	-14.8132	5.3692	-14.7917	6.26874	-15.8024	6.58062	-15.6103	6.13065	-14.4771	6.06697	-8.139605e+02	-6.174075e+06	-6.174889e+06
21	-14.7521	6.56212	-14.2467	1.1687	-15.2777	6.77306	-16.6506	5.80998	-15.252	4.167	-15.2049	3.9434	-14.8132	5.3692	-14.8113	6.26874	-15.8024	6.58062	-15.6843	6.13065	-14.4784	5.78654	-8.766117e+02	-5.962884e+06	-5.963761e+06
22	-14.7521	6.56212	-14.158	1.1687	-15.2777	6.77306	-16.6506	5.56953	-15.252	3.73007	-15.2049	3.70408	-14.9492	5.3692	-14.8113	6.1351	-15.964	6.58062	-16.2338	6.13065	-14.4784	5.78654	-1.019227e+03	-5.729506e+06	-5.730525e+06
23	-14.7521	6.56212	-14.158	1.1687	-15.4255	6.57389	-17.0478	5.45586	-15.252	3.73007	-15.2049	3.65379	-15.004	5.3692	-14.8113	6.1351	-16.3371	6.54837	-16.4924	6.13065	-14.4784	5.78654	-1.212499e+03	-5.537387e+06	-5.538599e+06
24	-14.7521	6.56212	-14.1072	1.1687	-15.4255	6.57389	-17.5851	5.36343	-15.2309	3.73007	-15.0105	3.65379	-15.0538	5.04302	-14.8113	6.1351	-16.3371	6.54837	-16.4924	6.13065	-14.4784	5.78654	-1.360576e+03	-5.398508e+06	-5.399869e+06
25	-14.7521	6.56212	-14.1072	1.1687	-15.4255	6.57389	-17.5851	5.1291	-15.0518	3.73007	-14.7149	3.65379	-15.0957	5.04302	-14.8113	6.1351	-16.3371	6.54837	-16.6028	6.07892	-14.4871	5.78654	-1.379569e+03	-5.309850e+06	-5.311230e+06
26	-14.7521	4.3434	-14.1072	1.1687	-15.4255	6.41161	-17.5851	5.11369	-14.6269	3.73007	-14.6227	3.65379	-15.0957	4.39552	-14.8358	6.1351	-16.6817	6.54837	-17.3525	5.57382	-14.5045	5.07003	-1.290808e+03	-4.658544e+06	-4.659834e+06
27	-14.8307	4.3434	-14.0538	1.1687	-15.5893	6.21258	-18.415	5.07436	-14.374	3.73007	-13.5173	3.65379	-15.1364	4.39552	-14.8738	6.1351	-16.6817	6.54837	-17.6773	5.27218	-14.5045	4.76113	-1.672258e+03	-4.385826e+06	-4.387498e+06
28	-14.8307	4.3434	-14.0538	1.1687	-15.5893	6.04032	-18.5032	5.07436	-14.0892	3.73007	-13.3267	3.65379	-15.3901	4.39552	-14.9201	5.84478	-16.6817	6.46103	-18.1538	5.27218	-14.5045	4.09945	-1.880686e+03	-4.026418e+06	-4.028299e+06
29	-15.4926	4.3434	-14.0538	1.1687	-15.6841	6.04032	-18.5098	5.02287	-14.0892	3.69617	-13.3267	3.65379	-15.3901	4.39552	-14.9201	5.84478	-17.1548	6.3324	-18.1538	4.59412	-14.5068	4.09945	-1.696386e+03	-3.824550e+06	-3.826247e+06
30	-15.4926	4.3434	-13.8769	1.1687	-15.6841	6.00847	-18.7108	5.02287	-14.0892	3.42836	-13.3267	3.65379	-15.3901	4.39552	-14.9201	5.66764	-17.1548	6.2359	-18.1538	4.59412	-14.5068	3.52161	-1.786734e+03	-3.635332e+06	-3.637119e+06
31	-15.5631	4.3434	-13.8769	1.1687	-15.7275	5.56282	-19.629	5.02287	-14.0892	3.42836	-13.1936	3.23829	-15.6326	4.39552	-14.9556	5.66764	-17.9828	6.2359	-18.1538	4.55172	-14.479	3.52161	-2.303972e+03	-3.423652e+06	-3.425956e+06
32	-15.5631	4.3434	-13.8769	1.1687	-15.7275	5.01009	-19.629	4.73146	-13.559	3.42836	-13.1936	3.1278	-15.6326	4.2117	-15.2624	5.37084	-17.9828	6.2359	-18.1538	4.55172	-14.4417	3.52161	-2.364101e+03	-3.086231e+06	-3.088595e+06
33	-15.6167	4.3434	-13.8769	1.1687	-15.7275	5.01009	-19.629	4.51733	-13.559	3.42836	-12.6353	3.1278	-15.5301	4.2117	-15.2624	5.37084	-17.9828	6.2359	-18.1538	4.12345	-14.4417	3.52161	-2.505524e+03	-3.026265e+06	-3.028771e+06
34	-15.6167	4.3434	-13.8627	1.1687	-15.8027	5.01009	-19.2505	4.51733	-13.1307	3.23277	-12.4984	3.08172	-15.5301	3.74199	-15.2624	5.32443	-17.9828	5.98107	-17.5884	4.12345	-14.4417	3.52161	-2.374288e+03	-2.841148e+06	-2.843522e+06
35	-15.6167	4.3434	-13.8627	1.1687	-15.8285	3.91521	-18.3403	4.51733	-13.1307	3.23277	-11.298	3.08172	-15.5301	3.5611	-15.2624	5.32443	-17.9828	5.98107	-17.2699	4.12345	-14.4417	3.52161	-2.474019e+03	-2.684440e+06	-2.686914e+06
36	-15.0321	4.3434	-13.7326	1.1687	-15.8285	3.90283	-18.3403	4.24123	-12.72	3.23277	-11.298	2.64642	-15.4783	3.46015	-15.3943	5.30259	-18.0855	5.98107	-17.2699	4.12345	-14.4077	3.45825	-2.612406e+03	-2.614732e+06	-2.617344e+06
37	-15.0321	3.47897	-13.7177	1.1687	-15.8104	3.60699	-18.1046	3.95831	-12.72	3.23277	-11.298	2.64642	-15.4783	3.46015	-15.737	5.30259	-18.2654	5.98107	-17.2699	4.12345	-14.4064	3.45825	-2.571720e+03	-2.576211e+06	-2.578782e+06
38	-15.0321	3.47897	-13.6586	1.1687	-15.8018	3.61929	-17.8331	3.78489	-12.2576	3.23277	-10.4384	2.64642	-15.4783	3.43554	-15.9704	5.23215	-18.2654	5.49779	-16.8575	4.12345	-14.398	3.45825	-2.878597e+03	-2.353282e+06	-2.356160e+06
39	-15.0321	3.74679	-13.6586	1.1687	-15.7735	3.61929	-16.4237	3.29863	-11.3909	3.23277	-10.2474	2.64642	-15.4783	3.32441	-15.9704	5.23215	-18.2654	5.49779	-16.8479	4.12345	-14.3695	3.45825	-2.951769e+03	-2.310431e+06	-2.313383e+06
40	-15.0321	3.39365	-13.0295	1.1687	-15.7735	3.61929	-16.4237	3.29863	-11.3004	3.23277	-10.2474	2.64642	-15.1249	3.32441	-15.9704	5.23215	-18.2654	5.49779	-16.6877	4.12345	-14.3476	3.45825	-3.054577e+03	-2.263798e+06	-2.266853e+06
41	-14.9877	3.39365	-13.0295	1.1687	-15.7164	3.71223	-16.4237	3.29863	-11.3004	3.23277	-9.92994	2.64642	-15.1249	3.32441	-15.9704	4.9213	-18.6976	4.82407	-16.6877	4.12345	-14.3476	3.45825	-3.301544e+03	-2.011611e+06	-2.014913e+06
42	-14.9877	3.39365	-12.9654	1.1687	-15.7164	3.71223	-16.4237	3.34706	-11.1672	3.1227	-9.92994	2.64642	-14.8287	3.32441	-15.9704	4.9213	-18.6976	4.47972	-16.3964	3.99874	-14.3278	3.45825	-3.308239e+03	-1.935050e+06	-1.938359e+06
43	-14.9877	3.39365	-12.9654	1.1687	-15.7164	3.71223	-16.4237	3.39369	-10.896	3.1227	-9.5542	2.40308	-14.8287	3.32441	-15.9704	4.76484	-18.6976	4.47972	-16.3964	3.9548	-14.3278	3.2542	-3.611765e+03	-1.884771e+06	-1.888383e+06
44	-14.9877	3.39365	-12.8381	1.1687	-15.6466	3.71223	-16.4237	3.39369	-10.7184	3.01582	-9.5542	2.40308	-14.8287	3.32441	-16.1459	4.60466	-18.6976	4.47972	-16.3964	3.9548	-14.3278	3.2542	-3.722223e+03	-1.833117e+06	-1.836839e+06
45	-14.9877	3.39365	-12.8381	1.1687	-15.6466	3.71223	-15.8722	3.39369	-10.7184	3.01582	-9.14191	2.40308	-14.8287	3.32441	-16.1459	4.60466	-18.267	4.47972	-16.0138	3.78476	-14.3221	3.2542	-3.692058e+03	-1.801745e+06	-1.805437e+06
46	-14.9877	3.39365	-12.3957	1.1687	-15.6466	3.71223	-15.0818	3.39369	-10.7184	2.94382	-6.47309	2.09585	-14.8287	3.32441	-16.1459	4.55473	-17.3882	4.47972	-16.0138	3.78476	-14.3071	3.2542	-5.434038e+03	-1.722987e+06	-1.728422e+06
47	-14.9877	3.39365	-11.705	1.1687	-15.6466	3.71223	-15.0818	3.39369	-10.6586	2.94382	-5.52553	2.09585	-14.8287	3.32441	-16.1782	4.55473	-17.3882	4.47581	-16.0138	3.78476	-14.2663	3.33191	-6.520646e+03	-1.679049e+06	-1.685569e+06
48	-14.7347	3.39365	-11.6253	1.1687	-15.6466	3.71223	-13.996	3.28458	-10.4512	2.94382	-5.52553	2.09585	-14.6905	3.32441	-16.1782	4.55473	-17.3882	4.47581	-14.3488	3.78476	-14.1898	3.33191	-6.295944e+03	-1.629686e+06	-1.635982e+06
49	-14.7347	3.39365	-11.2956	1.1687	-15.6466	3.71223	-13.6206	3.28458	-8.24742	2.91982	-5.36407	2.09585	-14.6905	3.28273	-16.5648	4.55473	-17.3882	4.47581	-14.3488	3.78476	-14.1898	3.33191	-7.839150e+03	-1.590412e+06	-1.598251e+06
50	-14.7347	3.39365	-11.2956	1.1687	-15.6466	3.71223	-13.4012	3.28458	-8.18588	2.91982	-5.36407	2.09585	-14.6905	3.28273	-16.7993	4.42844	-16.997	4.45377	-14.3488	3.78476	-14.1898	3.33191	-7.851590e+03	-1.560517e+06	-1.568368e+06
51	-14.7347	3.39365	-11.1825	1.1687	-15.5263	3.71223	-12.9541	3.28458	-8.18588	2.82558	-5.16907	2.09585	-14.6905	3.28273	-17.0651	4.25394	-16.997	4.45377	-14.0087	3.78476	-14.1898	3.33191	-8.209521e+03	-1.512867e+06	-1.521076e+06
52	-14.7347	3.39365	-11.1825	1.1687	-15.5263	3.71223	-12.9541	3.28458	-8.18588	2.82558	-5.16907	2.09585	-14.3321	3.28273	-17.0651	4.25394	-16.997	4.41869	-14.0087	3.78476	-14.1437	3.33191	-8.219230e+03	-1.500781e+06	-1.509000e+06
53	-14.7347	3.39365	-11.1825	1.1687	-15.5225	3.71223	-12.9541	2.86694	-8.18588	2.55656	-5.16907	2.09585	-13.7379	3.28273	-17.0651	3.91963	-16.997	4.41869	-14.0087	3.78476	-14.1437	3.33191	-8.262754e+03	-1.438401e+06	-1.446663e+06
54	-14.3573	3.39365	-10.7108	1.1687	-15.5225	3.71223	-12.9541	2.86694	-7.89085	2.55656	-5.16907	2.09585	-13.5154	3.28273	-16.6099	3.41092	-16.997	4.41869	-14.0087	3.78476	-14.1437	3.33191	-7.887470e+03	-1.378441e+06	-1.386328e+06
55	-14.2668	3.27304	-10.6679	1.1687	-15.3861	3.71223	-12.9541	2.86694	-7.05193	2.37601	-5.16907	2.09585	-13.4637	3.28273	-16.6064	3.41092	-16.997	4.41869	-12.3466	3.78476	-14.1272	3.33191	-8.495390e+03	-1.357978e+06	-1.366473e+06
56	-14.2668	3.27304	-10.6679	1.1687	-15.3652	3.71223	-12.2896	2.86694	-6.77149	2.37601	-5.16907	2.09585	-13.4637	3.08408	-16.6064	3.2781	-16.997	4.41869	-12.3466	3.78476	-14.0638	3.33191	-8.809944e+03	-1.339369e+06	-1.348179e+06
57	-14.1646	3.27304	-10.311	1.1687	-15.3489	3.71223	-12.2896	2.86694	-5.88742	2.37601	-5.16907	2.09585	-13.4637	3.08408	-16.6064	3.2781	-16.997	4.41869	-12.3466	3.78476	-13.9439	3.33191	-9.445646e+03	-1.316378e+06	-1.325824e+06
58	-14.1646	3.15132	-9.97923	1.1687	-15.2953	3.71223	-12.2896	2.86694	-5.88742	2.37601	-5.16907	2.09585	-13.1496	3.08408	-16.5187	3.2781	-16.997	4.35126	-12.3466	3.78476	-13.8839	3.21804	-9.571687e+03	-1.282965e+06	-1.292536e+06
59	-13.8565	2.83977	-9.51223	1.1687	-15.2953	3.71131	-12.2896	2.86694	-5.79361	2.37601	-5.16907	2.09585	-13.0027	3.08408	-16.2892	3.2781	-16.997	4.35126	-12.3466	3.78476	-13.8702	3.26578	-9.219294e+03	-1.255591e+06	-1.264810e+06
60	-13.8487	2.83977	-9.51223	1.1687	-15.2953	3.71131	-9.73559	2.86694	-5.79361	2.37601	-5.16907	1.79132	-13.0027	3.08408	-16.2892	3.2781	-16.997	4.35126	-12.3466	3.78476	-13.8082	3.26578	-9.936492e+03	-1.227332e+06	-1.237268e+06
61	-13.7905	2.83977	-8.90983	1.1687	-15.2953	3.71131	-9.73559	2.84777	-5.79361	2.37601	-4.58894	1.79132	-13.0027	3.08408	-15.8501	3.2781	-16.997	4.32879	-12.3466	3.6353	-13.8082	3.26578	-1.050733e+04	-1.171884e+06	-1.182391e+06
62	-13.0356	2.83977	-8.61218	1.1687	-15.2953	3.71131	-8.27077	2.84777	-5.40109	2.37601	-4.58894	1.79132	-12.9715	3.08408	-15.8501	3.2781	-16.997	4.32879	-12.3466	2.8297	-13.8082	3.26578	-1.016542e+04	-1.138198e+06	-1.148364e+06
63	-13.0356	2.83977	-8.61218	1.1687	-15.2953	3.71131	-8.2868	1.8772	-5.40109	2.37601	-4.58894	1.79132	-12.9715	3.08408	-15.6675	3.06682	-16.997	4.14454	-12.1449	2.8297	-13.8005	3.26578	-1.012678e+04	-1.096457e+06	-1.106583e+06
64	-12.5313	2.83977	-8.61218	1.1687	-15.1877	3.71131	-7.70215	1.8772	-5.40109	2.37601	-3.4689	1.79132	-12.9715	3.08408	-15.6675	3.15463	-16.997	4.14454	-11.2967	2.8297	-13.8005	3.26578	-1.067498e+04	-1.064071e+06	-1.074746e+06
65	-12.1175	2.83977	-8.61218	1.1687	-15.1459	3.71131	-7.70215	2.24166	-5.40109	2.37601	-3.4689	1.79132	-12.9362	3.08408	-15.6675	3.15463	-16.997	4.14454	-10.8504	2.8297	-13.8005	3.26578	-1.019635e+04	-1.048273e+06	-1.058469e+06
66	-12.1175	2.83977	-8.61218	1.1687	-14.9615	3.71131	-7.42553	2.24166	-5.40109	2.37601	-3.4689	1.79132	-12.5281	3.08408	-15.517	3.15463	-15.3403	4.14454	-10.8504	2.8297	-13.8005	3.26578	-9.519596e+03	-1.030166e+06	-1.039685e+06
67	-12.1175	2.83977	-8.38251	1.1687	-14.9615	3.71131	-7.42553	2.24166	-5.40109	2.37601	-3.4689	1.79132	-12.5281	3.08408	-15.517	3.15463	-15.3403	4.1199	-10.7434	2.8297	-13.8005	3.26578	-9.616079e+03	-1.016715e+06	-1.026331e+06
68	-11.5204	2.83977	-8.09494	1.1687	-14.8185	3.71131	-7.42553	2.24166	-5.40109	2.37601	-3.4689	1.51102	-11.4684	2.99164	-15.517	3.15463	-15.3403	4.1199	-10.0137	2.8297	-13.7821	3.2112	-9.063999e+03	-9.794678e+05	-9.885318e+05
69	-11.1765	2.83977	-7.59703	1.1687	-14.7179	3.65592	-7.42553	2.24166	-5.40109	2.37601	-3.09835	1.51198	-10.8107	2.99164	-15.517	3.15463	-15.3403	3.94513	-9.70879	2.8297	-13.7821	3.2112	-9.241736e+03	-9.272572e+05	-9.364989e+05
70	-10.3313	2.67952	-7.0499	1.1687	-14.7179	3.65592	-7.42553	2.24166	-5.40109	2.16283	-2.5754	1.51198	-9.98346	2.99164	-15.326	3.15463	-15.3403	3.55312	-9.70879	2.56697	-13.7818	3.2112	-9.334995e+03	-8.625483e+05	-8.718833e+05
71	-10.3313	2.67952	-5.27571	1.1687	-14.7179	3.65592	-7.42553	2.24166	-5.40109	2.16283	-2.5754	1.51198	-9.98346	2.94858	-14.359	3.15463	-15.3403	3.55312	-7.50248	2.56697	-13.7681	3.2112	-1.001407e+04	-7.735554e+05	-7.835694e+05
72	-9.28076	2.67952	-5.15422	1.1687	-14.4408	3.65592	-5.5674	2.13648	-5.40109	2.13101	-2.5754	1.51198	-9.98346	2.94858	-14.2994	2.7998	-15.3403	3.54041	-7.50248	2.56697	-13.7681	3.22064	-1.022295e+04	-7.536468e+05	-7.638697e+05
73	-9.28076	2.67952	-3.21278	1.1687	-14.4408	3.65592	-5.5674	1.70898	-5.40109	2.13101	-2.5754	1.51198	-8.83663	2.6599	-14.2994	2.7998	-14.6121	3.54041	-5.52333	2.56697	-13.7467	3.22064	-1.132839e+04	-6.865944e+05	-6.979228e+05
74	-9.28076	2.67952	-2.47175	1.1687	-14.4408	3.65592	-5.5674	1.70898	-5.0667	2.04548	-2.25969	1.51198	-8.54957	2.30338	-13.7477	2.86688	-14.6121	3.54041	-5.52333	2.56697	-13.7467	3.22064	-1.191600e+04	-6.550039e+05	-6.669199e+05
75	-9.28076	2.67952	-2.47175	1.1687	-14.4408	3.65592	-5.5674	1.70898	-3.47819	2.04548	-2.18124	1.51198	-8.54957	2.33307	-13.7477	2.86688	-13.9919	3.54041	-5.52333	2.16296	-13.7173	3.22064	-1.244537e+04	-6.277125e+05	-6.401579e+05
76	-9.28076	2.39065	-1.35505	1.1687	-14.4408	3.60359	-4.58355	1.70898	-3.47819	1.94623	-2.18124	1.51198	-8.54957	2.33307	-13.6568	2.86688	-13.9919	3.54041	-5.52333	2.16296	-13.4855	3.22064	-1.353259e+04	-6.009378e+05	-6.144704e+05
77	-9.28076	2.39065	-0.297126	1.1687	-14.4408	3.60359	-2.13864	1.61123	-3.47819	1.94623	-2.18124	1.51198	-8.54957	2.33307	-12.7831	2.86688	-13.9437	3.54041	-5.52333	2.16296	-13.4731	3.22064	-1.550423e+04	-5.765920e+05	-5.920962e+05
78	-8.91741	2.39065	-0.297126	1.1687	-14.4243	3.60359	-2.74058	1.50089	-3.47819	1.71558	-2.18124	1.51198	-8.54957	2.33307	-12.1187	2.86688	-13.2866	3.28037	-3.32191	2.16296	-13.4042	3.21393	-1.500347e+04	-5.413002e+05	-5.563037e+05
79	-8.91741	2.39065	-0.297126	1.1687	-14.4243	3.49607	-2.74058	1.49607	-1.66972	1.71558	-2.04054	1.51198	-8.54957	2.33307	-11.9382	2.86688	-13.1075	3.12248	-3.6303	1.9019	-13.4042	3.21393	-1.594195e+04	-5.155846e+05	-5.315265e+05
80	-7.8571	2.39065	-0.297126	1.1687	-14.4198	3.49607	-2.74058	1.49607	-1.66972	1.50775	-2.04054	1.51198	-7.26007	2.20842	-11.9382	2.86688	-13.1075	3.12248	-3.28728	1.9019	-13.348	3.21393	-1.477718e+04	-4.992660e+05	-5.140432e+05
81	-7.11386	2.39065	-0.297126	1.1687	-14.2723	3.49607	-2.74058	1.49607	-1.66972	1.58989	-2.04054	1.51198	-7.02974	2.17192	-11.9382	2.86688	-13.1075	2.87335	-3.28728	1.9019	-13.2876	3.17264	-1.427336e+04	-4.899442e+05	-5.042176e+05
82	-7.11386	2.39065	-0.297126	1.1687	-14.2723	3.49607	-2.74058	1.49607	-1.66972	1.58989	-2.04054	1.51198	-7.02974	2.17192	-11.9382	2.86688	-12.442	2.87335	-3.28728	1.9019	-13.2876	3.17264	-1.389662e+04	-4.795264e+05	-4.934230e+05
83	-7.11386	2.39065	-0.190201	1.1687	-13.7329	3.49607	-2.74058	1.49607	-1.66972	1.58989	-2.04054	1.51198	-7.02974	2.17192	-11.9382	2.86688	-12.442	2.87335	-3.28728	1.9019	-13.2876	3.17264	-1.359849e+04	-4.703018e+05	-4.839003e+05
84	-7.11386	2.35061	-0.190201	1.1687	-13.7329	3.49607	-2.74058	1.49607	-1.66972	1.58989	-2.04054	1.51198	-7.02974	2.17192	-10.8541	2.86688	-11.9297	2.62326	-3.28728	1.9019	-13.2782	3.17264	-1.286468e+04	-4.551970e+05	-4.680617e+05
85	-7.11386	2.35061	-0.190201	1.1687	-13.6987	3.49607	-2.74058	1.49607	-1.31595	1.58989	-2.04054	1.51198	-6.24461	2.17192	-10.8432	2.38107	-11.9297	2.82946	-3.28728	1.81189	-13.1726	3.17264	-1.300952e+04	-4.349026e+05	-4.479121e+05
86	-6.50542	2.06108	-0.190201	1.1687	-13.6987	3.49607	-2.19818	1.49607	-1.31595	1.58989	-2.04054	1.51198	-6.24461	2.07509	-10.8432	2.38107	-11.9297	2.82946	-3.17863	1.81189	-13.1726	3.17264	-1.310048e+04	-4.323016e+05	-4.454021e+05
87	-6.50542	2.06108	-0.190201	1.1687	-13.6987	3.49607	-2.19818	1.32845	-1.31595	1.58989	-2.04054	1.44041	-5.19052	1.95687	-10.8432	2.45537	-11.9297	2.82946	-3.17863	1.81189	-12.7913	3.11818	-1.293962e+04	-4.174119e+05	-4.303515e+05
88	-6.50542	2.06108	-0.190201	1.1687	-13.6987	3.49607	-2.19818	1.32845	-1.31595	1.58989	-1.81856	1.44041	-5.19052	1.95687	-10.8432	2.45537	-11.9297	2.75781	-3.17863	1.81189	-12.7913	3.11818	-1.303988e+04	-4.164689e+05	-4.295088e+05
89	-6.50542	2.06108	-0.190201	1.1687	-13.6987	3.32895	-2.19818	1.32845	-1.31595	1.55991	-1.55759	1.44041	-5.19052	1.95687	-10.8432	2.45537	-11.9297	2.75781	-3.17863	1.81189	-12.5846	3.11818	-1.303254e+04	-4.128287e+05	-4.258613e+05
90	-6.50542	2.07701	-0.190201	1.1687	-13.6987	3.32895	-1.73229	1.32845	-1.31595	1.55991	-1.55759	1.44041	-5.09164	1.95687	-10.665	2.45537	-11.4335	2.75781	-3.17863	1.81189	-12.5846	3.11818	-1.292492e+04	-4.016706e+05	-4.145955e+05
91	-6.50542	2.07701	-0.248724	1.1687	-13.6987	3.32895	-1.73229	1.32845	-1.31595	1.55991	-1.55759	1.41532	-4.42221	1.88947	-10.665	2.45537	-11.2934	2.75781	-3.17863	1.81189	-12.5803	3.11818	-1.293518e+04	-3.961020e+05	-4.090372e+05
92	-5.96257	2.07701	-0.248724	1.1687	-13.6909	3.32895	-1.73229	1.32845	-1.31595	1.55991	-1.55759	1.41532	-4.42221	1.88947	-9.58748	2.21544	-10.862	2.46603	-3.17863	1.81189	-12.5803	3.06166	-1.216352e+04	-3.771954e+05	-3.893589e+05
93	-5.96257	2.07701	-0.248724	1.1687	-13.6909	3.37464	-1.73229	1.32845	-1.31595	1.49602	-1.55759	1.41532	-3.94235	1.70087	-9.10965	2.21544	-10.7567	2.62381	-2.0232	1.81189	-12.5803	3.06166	-1.243005e+04	-3.640301e+05	-3.764602e+05
94	-5.96257	2.07701	-0.214405	1.1687	-13.5876	3.37464	-1.73229	1.32845	-1.31595	1.49602	-1.49648	1.41509	-3.70467	1.70087	-9.10965	2.21544	-10.7567	2.62381	-2.0232	1.81189	-12.5803	3.06166	-1.244839e+04	-3.609823e+05	-3.734307e+05
95	-5.96257	2.07701	-0.214405	1.1687	-13.5876	3.37464	-1.73229	1.32845	-1.31595	1.49602	-1.49648	1.41509	-3.3343	1.70087	-8.34206	2.21544	-10.7567	2.62381	-2.71183	1.81189	-12.5803	3.06166	-1.207920e+04	-3.516512e+05	-3.637305e+05
96	-5.80313	2.07701	-0.214405	1.1687	-13.5876	3.37464	-1.73229	1.32845	-1.31595	1.49602	-1.49648	1.41509	-3.18617	1.66704	-8.34206	2.21544	-10.3592	2.62381	-2.71183	1.81189	-12.4586	3.06166	-1.180245e+04	-3.444764e+05	-3.562788e+05
97	-5.80313	2.07701	-0.214405	1.1687	-13.5876	3.37464	-1.73229	1.32845	-1.31595	1.49602	-1.49648	1.41509	-3.18617	1.60354	-8.34206	2.21544	-10.002	2.62381	-2.71183	1.75323	-12.4586	3.06166	-1.164725e+04	-3.399472e+05	-3.515945e+05
98	-5.80313	1.98666	-0.214405	1.1687	-13.5876	3.37464	-1.73229	1.32845	-1.31595	1.49602	-1.49648	1.41509	-3.18617	1.60354	-8.34045	2.21544	-10.002	2.48922	-2.71183	1.75323	-12.4586	3.06166	-1.164430e+04	-3.381286e+05	-3.497729e+05
99	-5.80313	1.97333	-0.214405	1.1687	-13.5876	3.37464	-1.54142	1.32845	-1.24711	1.49602	-1.49648	1.41509	-2.03701	1.45897	-8.34045	2.21544	-9.10212	2.43703	-2.48608	1.75323	-12.4586	3.06166	-1.185767e+04	-3.235496e+05	-3.354073e+05
100	-5.75208	1.97333	-0.210621	1.1687	-13.5876	3.37464	-1.54142	1.32845	-1.24711	1.49602	-1.49648	1.41509	-2.03701	1.45897	-8.07167	2.21544	-9.10212	2.43134	-2.48608	1.75323	-12.4586	3.06166	-1.176686e+04	-3.213725e+05	-3.331393e+05
101	-5.75208	1.97333	-0.210621	1.1687	-13.5876	3.37464	-1.54142	1.32845	-1.24711	1.49602	-1.47907	1.41509	-2.03701	1.45897	-7.58049	2.05286	-8.35813	2.43134	-2.48608	1.75323	-12.0914	3.06166	-1.121070e+04	-3.043722e+05	-3.155829e+05
102	-5.75208	1.83949	-0.210621	1.1687	-13.1891	3.37464	-1.54142	1.32845	-1.24711	1.49602	-1.47907	1.36562	-1.82988	1.45897	-6.81758	2.05286	-8.10586	2.08872	-2.48608	1.75323	-11.7372	2.98866	-1.059064e+04	-2.815371e+05	-2.921278e+05
103	-5.75208	1.81888	-0.210621	1.1687	-12.449	3.37464	-1.54142	1.32845	-1.24711	1.49602	-1.47907	1.36562	-1.82988	1.45897	-6.81758	2.05286	-7.99295	2.08872	-2.48608	1.74687	-11.5217	2.98866	-9.915433e+03	-2.665298e+05	-2.764452e+05
104	-4.91389	1.81888	-0.210621	1.1687	-12.449	3.37464	-1.54142	1.32845	-1.24711	1.49602	-1.44029	1.36562	-1.82988	1.45897	-6.81758	2.05286	-6.96323	2.08872	-2.48608	1.66507	-11.5217	2.98866	-9.182646e+03	-2.560563e+05	-2.652389e+05
105	-4.91389	1.78933	-0.210621	1.1687	-11.6776	3.30895	-1.54142	1.31952	-1.24711	1.49602	-1.44029	1.36562	-1.82988	1.45897	-6.81758	2.05286	-6.29781	1.82009	-2.48608	1.66507	-11.5217	2.98866	-8.514060e+03	-2.407868e+05	-2.493009e+05
106	-4.14779	1.78933	-0.210621	1.1687	-11.6776	3.30895	-1.54142	1.31952	-1.24711	1.49602	-1.24591	1.34738	-1.82988	1.45897	-4.67218	2.00165	-5.81155	1.82009	-2.48608	1.66507	-11.5217	2.98866	-8.114816e+03	-2.314746e+05	-2.395894e+05
107	-4.14779	1.78933	-0.210621	1.1687	-11.5944	3.2644	-1.54142	1.31952	-1.24711	1.49602	-1.24591	1.34738	-1.82988	1.45897	-4.67218	1.64023	-5.81155	1.86186	-2.48608	1.66507	-11.1955	2.95974	-7.814528e+03	-2.124360e+05	-2.202506e+05
108	-4.14779	1.78933	-0.210621	1.1687	-11.5944	3.2644	-1.0423	1.31952	-1.14354	1.49602	-1.23479	1.34738	-1.82988	1.45897	-4.67218	1.64023	-5.64234	1.86186	-2.48608	1.66507	-11.1462	2.95974	-7.929601e+03	-2.101698e+05	-2.180994e+05
109	-4.14779	1.79696	-0.210621	1.1687	-11.5944	3.10954	-1.0423	1.31952	-1.14354	1.49602	-1.23479	1.34738	-1.74665	1.40375	-4.34077	1.64023	-5.64234	1.86186	-2.48608	1.66507	-11.1462	2.91937	-7.931276e+03	-2.061684e+05	-2.140997e+05
110	-4.14779	1.71442	-0.210621	1.1687	-11.4622	3.10954	-1.0423	1.21804	-0.834554	1.49379	-1.23479	1.34738	-1.74665	1.40375	-3.95882	1.64023	-5.64234	1.86186	-2.48608	1.66507	-10.9559	2.91937	-7.801690e+03	-2.002524e+05	-2.080541e+05
111	-4.14779	1.71442	-0.210621	1.1687	-11.4622	3.10954	-1.0423	1.21804	-0.834554	1.40717	-1.23479	1.34738	-1.33799	1.40375	-3.95882	1.64023	-5.64234	1.86186	-2.48608	1.66507	-10.8584	2.88219	-7.841766e+03	-1.980228e+05	-2.058645e+05
112	-4.14779	1.64264	-0.210621	1.1687	-11.4622	3.10954	-1.0423	1.21804	-0.753855	1.40717	-1.15369	1.34738	-1.33799	1.40375	-3.95882	1.64023	-4.23635	1.86186	-2.37574	1.66507	-10.6889	2.88219	-7.689727e+03	-1.906311e+05	-1.983208e+05
113	-3.9242	1.64264	-0.210621	1.1687	-11.1561	3.10954	-1.0423	1.21804	-0.753855	1.40717	-1.15369	1.34738	-1.33799	1.35594	-3.95882	1.64023	-4.08619	1.86186	-2.37574	1.66507	-10.6889	2.8502	-7.389289e+03	-1.858501e+05	-1.932394e+05
114	-3.77514	1.64264	-0.210621	1.1687	-10.2857	3.00322	-1.0423	1.21804	-0.753855	1.40717	-1.15369	1.34738	-1.33799	1.35594	-3.95882	1.57619	-4.08619	1.86186	-2.37574	1.65442	-10.6889	2.8502	-6.755146e+03	-1.730035e+05	-1.797587e+05
115	-3.77514	1.64264	-0.210621	1.1687	-10.2572	3.00322	-1.0423	1.21804	-0.753855	1.40717	-1.11414	1.34241	-1.33799	1.35594	-3.95882	1.57619	-4.08619	1.86186	-2.37574	1.65442	-10.6612	2.8502	-6.728074e+03	-1.722884e+05	-1.790165e+05
116	-3.77514	1.73925	-0.210621	1.1687	-10.2572	3.00322	-0.513132	1.21804	-0.317516	1.40717	-1.11414	1.34241	-1.33799	1.35594	-3.87718	1.57619	-4.08619	1.51762	-2.37574	1.65442	-10.1968	2.77373	-6.714944e+03	-1.617197e+05	-1.684346e+05
117	-3.77514	1.73925	-0.210621	1.1687	-10.2572	2.88733	-0.513132	1.13095	-0.461808	1.40717	-1.11414	1.34241	-1.33799	1.35594	-3.87718	1.57619	-3.22794	1.51762	-2.37574	1.65442	-10.1968	2.77373	-6.673963e+03	-1.566319e+05	-1.633059e+05
118	-3.77514	1.73925	-0.210621	1.1687	-9.3321	2.71903	-0.513132	1.20371	-0.461808	1.40717	-1.11414	1.3079	-1.33799	1.35594	-3.87718	1.57472	-2.20881	1.31845	-2.37574	1.65442	-10.1968	2.68376	-6.219010e+03	-1.419177e+05	-1.481368e+05
119	-3.72361	1.71523	-0.210621	1.1687	-9.06082	2.73963	-0.513132	1.20371	-0.461808	1.40717	-1.11414	1.3079	-1.33799	1.35594	-2.94601	1.49265	-2.20881	1.31845	-2.37574	1.65442	-10.1968	2.68376	-6.069739e+03	-1.353389e+05	-1.414087e+05
120	-3.72361	1.71523	-0.210621	1.1687	-8.5919	2.69269	-0.513132	1.20371	-0.461808	1.40717	-1.08564	1.3079	-1.33799	1.35594	-2.94601	1.49265	-1.58137	1.31845	-2.37574	1.65442	-9.91819	2.68376	-5.775016e+03	-1.250728e+05	-1.308478e+05
121	-3.66527	1.71523	-0.210621	1.1687	-7.84771	2.47577	-0.513132	1.20371	-0.461808	1.40717	-1.08564	1.3079	-1.33799	1.35594	-2.94601	1.34923	-1.58137	1.31845	-2.37574	1.65442	-9.91819	2.68376	-5.386196e+03	-1.164911e+05	-1.218773e+05
122	-3.66527	1.71523	-0.210621	1.1687	-7.84771	2.47577	-0.513132	1.20371	-0.461808	1.40733	-1.08564	1.3079	-0.885808	1.35594	-2.94601	1.34923	-1.58137	1.31845	-1.33584	1.57553	-9.78763	2.68376	-5.609235e+03	-1.125768e+05	-1.181860e+05
123	-3.66527	1.55133	-0.210621	1.1687	-7.84771	2.47577	-0.513132	1.20371	-0.461808	1.40733	-1.08564	1.3079	-0.885808	1.35594	-2.94601	1.34923	-1.58137	1.31845	-1.33584	1.57553	-9.78763	2.68376	-5.607240e+03	-1.125768e+05	-1.181840e+05
124	-3.66527	1.55133	-0.210621	1.1687	-7.68333	2.47577	-0.513132	1.13951	-0.461808	1.40733	-1.08564	1.3079	-0.885808	1.35594	-2.94601	1.34923	-1.58137	1.31845	-1.33584	1.57553	-9.51889	2.65536	-5.378734e+03	-1.073474e+05	-1.127261e+05
125	-2.4293	1.55133	-0.210621	1.1687	-7.68333	2.56164	-0.513132	1.13951	-0.461808	1.40733	-1.08564	1.29501	-0.885808	1.35594	-2.94601	1.34923	-1.58137	1.31845	-1.33584	1.57553	-9.42959	2.65536	-4.792608e+03	-1.058654e+05	-1.106581e+05
126	-2.4293	 1.54	-0.210621	1.1687	-7.68333	2.56164	-0.513132	1.13951	-0.461808	1.40733	-1.08564	1.29501	-1.22269	1.35594	-2.94601	1.34923	-1.58137	1.31845	-1.33584	1.57553	-9.42959	2.65536	-4.746389e+03	-1.059091e+05	-1.106555e+05
127	-2.4293	 1.54	-0.210621	1.1687	-7.07748	2.56164	-0.513132	1.13951	-0.461808	1.40733	-1.08564	1.29501	-1.22269	1.35594	-1.89742	1.21798	-1.58137	1.31845	-1.33584	1.44587	-9.13155	2.65536	-4.243962e+03	-9.444784e+04	-9.869181e+04
128	-2.4293	 1.54	-0.210621	1.1687	-6.9169	2.42401	-0.513132	1.13951	-0.461808	1.40733	-1.08564	1.29605	-1.22269	1.35594	-1.89742	1.21798	-1.58137	1.31845	-1.33584	1.45005	-8.95286	2.65536	-4.049155e+03	-9.063077e+04	-9.467993e+04
129	-2.4293	 1.54	-0.210621	1.1687	-6.9169	2.42401	-0.513132	1.13951	-0.461808	1.40733	-0.987393	1.29605	-1.22269	1.35594	-1.89742	1.21798	-1.58137	1.31845	-1.33584	1.45005	-8.78229	2.65536	-3.953018e+03	-8.906325e+04	-9.301627e+04
130	-2.4293	 1.54	-0.0434919	1.1687	-6.81004	2.42401	-0.513132	1.13951	-0.461808	1.40733	-0.987393	1.29605	-1.22269	1.35594	-1.86952	1.21798	-1.58137	1.31845	-1.33584	1.45005	-8.48862	2.62984	-3.762677e+03	-8.514451e+04	-8.890719e+04
131	-2.4293	1.52668	-0.0434919	1.1687	-6.61748	2.42401	-0.513132	1.18423	-0.461808	1.40733	-0.987393	1.29605	-1.22269	1.35594	-1.86952	1.21798	-1.58137	1.31845	-1.33584	1.45005	-8.48862	2.58629	-3.678614e+03	-8.261805e+04	-8.629666e+04
132	-2.4293	1.69779	-0.0434919	1.1687	-6.33284	2.3531	-0.513132	1.16566	-0.461808	1.3723	-0.893098	1.29605	-1.22269	1.35594	-1.86952	1.21798	-1.58137	1.31845	-1.33584	1.45005	-8.3727	2.55658	-3.509618e+03	-7.867886e+04	-8.218848e+04
133	-2.4293	1.64748	-0.0434919	1.1687	-6.31936	2.3531	-0.513132	1.16566	-0.168324	1.36004	-0.893098	1.29605	-1.22269	1.35594	-1.86952	1.21798	-1.58137	1.31845	-1.33584	1.47751	-7.8238	2.55658	-3.253355e+03	-7.416535e+04	-7.741870e+04
134	-2.0578	1.63137	-0.0434919	1.1687	-5.8746	2.3531	-0.513132	1.16566	-0.168324	1.36004	-0.893098	1.23268	-1.22269	1.35594	-1.86952	1.21798	-1.58137	1.31845	-1.33584	1.47751	-7.8238	2.55658	-3.049128e+03	-7.089994e+04	-7.394907e+04
135	-2.0578	1.47154	-0.0434919	1.1687	-5.78373	2.33222	-0.513132	1.16566	-0.168324	1.36004	-0.893098	1.23268	-1.22269	1.35594	-1.86952	1.21798	-1.58137	1.26593	-1.33584	1.47751	-7.8238	2.4614	-3.010941e+03	-6.815219e+04	-7.116314e+04
136	-2.0578	1.56539	-0.0434919	1.1687	-5.40048	2.33222	-0.513132	1.16566	-0.168324	1.36004	-0.827125	1.23268	-1.22269	1.35594	-1.86952	1.21798	-1.58137	1.26593	-1.33584	1.47751	-7.51306	2.34731	-2.706998e+03	-6.248011e+04	-6.518711e+04
137	-2.0578	1.42773	-0.0434919	1.1687	-4.65825	2.33222	-0.513132	1.16566	-0.168324	1.36004	-0.601236	1.23268	-1.22269	1.35594	-1.83124	1.21798	-1.17602	1.26593	-1.33584	1.47751	-7.24345	2.34731	-2.401520e+03	-5.716935e+04	-5.957087e+04
138	-2.0578	1.42773	-0.0434919	1.1687	-4.65825	2.33222	-0.349917	1.16566	-0.168324	1.36004	-0.601236	1.23268	-1.22269	1.35594	-1.83124	1.21798	-1.17602	1.26593	-1.33584	1.47751	-7.14305	2.28536	-2.375126e+03	-5.607551e+04	-5.845064e+04
139	-1.84375	1.42773	-0.0434919	1.1687	-4.65825	2.30537	-0.349917	1.16566	-0.168324	1.36004	-0.565545	1.23268	-1.22269	1.35594	-1.83124	1.21798	-1.17602	1.26593	-1.33584	1.47751	-6.86054	2.28536	-2.212377e+03	-5.283812e+04	-5.505050e+04
140	-1.84375	1.46684	-0.0434919	1.1687	-4.65825	2.13871	-0.349917	1.15206	-0.168324	1.36004	-0.565545	1.23268	-1.22269	1.35594	-1.75477	1.21798	-1.17602	1.26593	-1.33584	1.47751	-6.86054	2.24155	-2.208497e+03	-5.000851e+04	-5.221701e+04
141	-1.84375	1.46684	-0.0434919	1.1687	-4.65825	2.13871	-0.349917	1.15206	-0.168324	1.36004	-0.480049	1.23268	-1.1377	1.35594	-1.75477	1.21798	-1.17602	1.26593	-1.33584	1.47751	-6.66223	2.20141	-2.127151e+03	-4.826309e+04	-5.039024e+04
142	-1.84375	1.46684	-0.0434919	1.1687	-4.65825	2.13871	-0.349917	1.15206	-0.168324	1.33448	-0.480049	1.23268	-1.1377	1.35594	-1.75477	1.21798	-1.17602	1.26593	-1.33584	1.47751	-6.48429	2.20141	-2.043067e+03	-4.675099e+04	-4.879406e+04
143	-1.84375	1.46684	-0.0434919	1.1687	-4.65825	2.13871	-0.349917	1.15206	-0.168324	1.35426	-0.480049	1.203	-1.1377	1.35594	-1.75477	1.21798	-1.17602	1.26593	-1.33584	1.47751	-6.24999	2.20141	-1.937209e+03	-4.491163e+04	-4.684883e+04
144	-1.84375	1.46684	-0.0434919	1.1687	-4.65825	2.13871	-0.349917	1.15206	-0.168324	1.35426	-0.418304	1.203	-1.1377	1.35594	-1.75477	1.21798	-1.17602	1.26593	-1.33584	1.47751	-6.03789	2.18038	-1.854235e+03	-4.329290e+04	-4.514714e+04
145	-1.84375	1.46684	-0.0434919	1.1687	-3.95615	2.13871	-0.349917	1.15148	-0.168324	1.35426	-0.418304	1.19823	-1.1377	1.35594	-1.75477	1.21798	-1.17602	1.26593	-0.887671	1.47751	-6.01353	2.13859	-1.703205e+03	-3.941750e+04	-4.112071e+04
146	-1.84375	1.48584	-0.0434919	1.1687	-3.95615	2.12423	-0.349917	1.15148	-0.168324	1.35426	-0.418304	1.19823	-1.1377	1.34574	-1.75477	1.21798	-1.17602	1.26593	-0.887671	1.47751	-6.01353	2.13859	-1.703146e+03	-3.911282e+04	-4.081597e+04
147	-1.76596	1.48584	-0.0434919	1.1687	-3.79191	2.12423	-0.349917	1.15148	-0.168324	1.35426	-0.349951	1.19823	-1.1377	1.34574	-1.75477	1.21798	-1.17602	1.26593	-0.887671	1.47751	-5.9819	2.12227	-1.647651e+03	-3.841999e+04	-4.006764e+04
148	-1.76596	1.48584	-0.0434919	1.1687	-3.74265	1.96538	-0.349917	1.15148	-0.168324	1.35426	-0.349951	1.19823	-1.1377	1.34574	-1.32242	1.21798	-1.17602	1.26593	-0.887671	1.45596	-5.54891	2.12227	-1.472240e+03	-3.382880e+04	-3.530104e+04
149	-1.76596	1.48584	-0.0434919	1.1687	-3.5133	1.96538	-0.349917	1.15148	-0.168324	1.3478	-0.349951	1.19823	-1.1377	1.34574	-1.32242	1.06418	-1.17602	1.26593	-0.887671	1.45596	-5.32437	2.07403	-1.347723e+03	-3.053662e+04	-3.188435e+04
150	-1.76596	1.50619	-0.0434919	1.1687	-3.19452	1.89468	-0.349917	1.15148	-0.168324	1.3478	-0.349951	1.1974	-1.1377	1.34574	-1.32242	1.06418	-1.17602	1.26593	-0.887671	1.45596	-5.05682	2.01135	-1.204360e+03	-2.725705e+04	-2.846141e+04
151	-1.76596	1.50619	-0.0434919	1.1687	-2.72693	1.89468	-0.349917	1.15148	-0.168324	1.3478	-0.326917	1.1974	-1.1377	1.34574	-1.32242	1.06418	-1.17602	1.26593	-0.887671	1.45596	-5.05682	2.01135	-1.151782e+03	-2.557141e+04	-2.672319e+04
152	-1.72837	1.50619	-0.0987143	1.1687	-1.74833	1.68233	-0.349917	1.15148	-0.168324	1.3478	-0.326917	1.1974	-1.1377	1.34574	-1.32242	1.06418	-1.17602	1.26593	-0.887671	1.45596	-4.99444	2.01135	-1.054660e+03	-2.208067e+04	-2.313533e+04
153	-1.71805	1.50619	-0.0987143	1.1687	-1.74833	1.6853	-0.349917	1.15148	-0.168324	1.3478	-0.326917	1.1974	-1.1377	1.34574	-1.32242	1.06418	-1.17602	1.26593	-0.887671	1.44914	-4.99444	2.01135	-1.049499e+03	-2.205358e+04	-2.310308e+04
154	-1.71805	1.50619	-0.0987143	1.1687	-0.918314	1.6853	-0.349917	1.15148	-0.168324	1.3478	-0.326917	1.1974	-1.1377	1.28456	-0.738701	1.06418	-1.17602	1.26593	-0.651187	1.43331	-4.99444	2.01135	-1.144314e+03	-2.007718e+04	-2.122150e+04
155	-1.71805	1.50619	-0.0987143	1.1687	-0.918314	1.6853	-0.349917	1.15148	-0.12338	1.3478	-0.326917	1.1974	-1.1377	1.28456	-0.738701	1.06418	-1.17602	1.26593	-0.651187	1.43331	-4.7282	1.97803	-1.067288e+03	-1.844307e+04	-1.951036e+04
156	-1.43135	1.50619	-0.0987143	1.1687	-0.918314	1.6853	-0.349917	1.15148	-0.12338	1.34679	-0.326917	1.19464	-1.1377	1.28456	-0.738701	1.06418	-1.17602	1.21004	-0.651187	1.43331	-4.7282	1.97803	-9.100534e+02	-1.818264e+04	-1.909269e+04
157	-1.43135	1.50619	-0.0987143	1.1687	-0.918314	1.6853	-0.349917	1.15148	-0.0671666	1.34679	-0.326917	1.19464	-1.1377	1.28456	-0.738701	1.06418	-1.17602	1.21004	-0.651187	1.43331	-4.63042	1.97803	-8.858061e+02	-1.767976e+04	-1.856557e+04
158	-1.43135	1.50619	-0.0987143	1.1687	-0.918314	1.6853	-0.349917	1.15148	-0.111579	1.34679	-0.326917	1.17385	-0.767053	1.28456	-0.738701	1.06418	-1.17602	1.21004	-0.651187	1.43331	-4.63042	1.89771	-8.968994e+02	-1.712883e+04	-1.802573e+04
159	-1.43135	1.50619	-0.0987143	1.1687	-0.918314	1.65405	-0.349917	1.15148	-0.111579	1.33114	-0.310024	1.17385	-0.767053	1.28456	-0.707213	1.06418	-1.16725	1.21004	-0.651187	1.43331	-4.33965	1.89771	-8.123827e+02	-1.496744e+04	-1.577982e+04
160	-1.43135	1.50619	-0.0987143	1.1687	-0.918314	1.62777	-0.349917	1.14937	-0.111579	1.33114	-0.300464	1.17385	-0.767053	1.28456	-0.707213	1.06418	-1.16725	1.21004	-0.651187	1.43331	-4.33965	1.88428	-8.132603e+02	-1.473824e+04	-1.555150e+04
161	-1.43135	1.50619	-0.0987143	1.1687	-0.918314	1.62777	-0.292481	1.14937	-0.111579	1.33114	-0.300464	1.17385	-0.767053	1.28456	-0.707213	1.06345	-1.16725	1.21004	-0.651187	1.43331	-4.33965	1.88428	-8.196446e+02	-1.472826e+04	-1.554790e+04
162	-0.68056	1.42845	-0.0987143	1.1687	-0.880491	1.62777	-0.292481	1.13273	-0.111579	1.33114	-0.300464	1.17385	-0.767053	1.25324	-0.707213	1.06345	-1.16725	1.21004	-0.651187	1.41961	-3.88011	1.88428	-5.683285e+02	-1.250058e+04	-1.306890e+04
163	-0.910124	1.40189	-0.0987143	1.1687	-0.880491	1.62777	-0.292481	1.13273	-0.111579	1.33114	-0.212345	1.17385	-0.767053	1.25324	-0.707213	1.06345	-0.929772	1.21004	-0.651187	1.41961	-3.76374	1.85056	-5.152074e+02	-1.161575e+04	-1.213096e+04
164	-0.910124	1.40189	-0.0987143	1.1687	-0.880491	1.61109	-0.292481	1.13273	-0.111579	1.33114	-0.212345	1.17385	-0.767053	1.25324	-0.707213	1.06345	-0.929772	1.21004	-0.651187	1.41961	-3.76374	1.85056	-5.151166e+02	-1.151790e+04	-1.203301e+04
165	-0.910124	1.40189	-0.0987143	1.1687	-0.880491	1.61109	-0.292481	1.13273	-0.111579	1.33114	-0.212345	1.17385	-0.767053	1.25324	-0.707213	1.06345	-0.929772	1.21004	-0.651187	1.41961	-3.57564	1.83779	-4.630677e+02	-1.075071e+04	-1.121378e+04
166	-0.910124	1.40189	-0.0987143	1.1687	-0.880491	1.61109	-0.292481	1.13273	-0.111579	1.33067	-0.212345	1.17385	-0.767042	1.25324	-0.707213	1.06345	-0.929772	1.21004	-0.651187	1.41961	-3.57564	1.83779	-4.630687e+02	-1.075120e+04	-1.121427e+04
167	-0.910124	1.40189	-0.0987143	1.1687	-0.880491	1.61109	-0.292481	1.13273	-0.111579	1.33067	-0.18052	1.17385	-0.767042	1.25324	-0.707213	1.06345	-0.929772	1.21004	-0.651187	1.41961	-3.57564	1.83779	-4.653400e+02	-1.074931e+04	-1.121465e+04
168	-0.910124	1.40189	-0.0987143	1.1687	-0.880491	1.61109	-0.292481	1.13273	-0.111579	1.33067	-0.18052	1.17385	-0.767042	1.25324	-0.707213	1.06345	-0.929772	1.17605	-0.651187	1.41961	-3.57564	1.81977	-4.653251e+02	-1.051155e+04	-1.097688e+04
169	-0.910124	1.40189	-0.0987143	1.1687	-0.880491	1.61109	-0.292481	1.13273	-0.111579	1.3334	-0.18052	1.17385	-0.767042	1.25324	-0.707213	1.06345	-0.929772	1.17605	-0.651187	1.41409	-3.57564	1.81977	-4.653182e+02	-1.049679e+04	-1.096211e+04
170	-0.910124	1.24502	-0.0987143	1.1687	-0.880491	1.5718	-0.292481	1.13273	-0.111579	1.33529	-0.207957	1.17385	-0.767042	1.25324	-0.707213	1.06345	-0.87992	1.17605	-0.651187	1.41409	-2.52789	1.81977	-2.383068e+02	-8.963969e+03	-9.202276e+03
171	-0.910124	1.24502	-0.0987143	1.1687	-0.719434	1.5718	-0.292481	1.13273	0.00908805	1.33529	-0.207957	1.17385	-0.767042	1.25324	-0.707213	1.06345	-0.736687	1.12655	-0.651187	1.39421	-2.52789	1.81977	-2.519402e+02	-8.648158e+03	-8.900098e+03
172	-0.532407	1.24502	-0.0987143	1.1687	-0.719434	1.5718	-0.292481	1.13273	0.00908805	1.33529	-0.207957	1.17385	-0.767042	1.25324	-0.706801	1.06345	-0.736687	1.12655	-0.651187	1.40934	-2.52789	1.81977	-2.326074e+02	-8.646846e+03	-8.879453e+03
173	-0.789246	1.25784	-0.0987143	1.1687	-0.719434	1.5718	-0.292481	1.13273	0.00908805	1.33529	-0.207957	1.17385	-0.767042	1.25324	-0.706801	1.06345	-0.736687	1.12655	-0.651187	1.40934	-2.52789	1.81977	-2.301028e+02	-8.646846e+03	-8.876949e+03
174	-0.789246	1.25784	-0.0987143	1.1687	-0.478707	1.5718	-0.292481	1.13273	0.00908805	1.33529	-0.207957	1.17385	-0.767042	1.25324	-0.652306	1.06345	-0.736687	1.12655	-0.651187	1.40934	-2.52789	1.79667	-2.349607e+02	-7.939650e+03	-8.174611e+03
175	-0.727262	1.25784	-0.0987143	1.1687	-0.478707	1.5718	-0.292481	1.13273	0.00908805	1.33529	-0.207957	1.17393	-0.767042	1.25324	-0.652306	1.06345	-0.736687	1.12655	-0.651187	1.40934	-2.52789	1.67641	-2.262151e+02	-5.976582e+03	-6.202797e+03
176	-0.727262	1.25784	-0.0987143	1.1687	-0.478707	1.5718	-0.292481	1.13273	0.00908805	1.33529	-0.207957	1.17393	-0.767042	1.25324	-0.652306	1.06345	-0.365401	1.12655	-0.651187	1.40934	-2.52789	1.67641	-2.327578e+02	-5.865436e+03	-6.098193e+03
177	-0.727262	1.25784	-0.0987143	1.1687	-0.478707	1.49815	-0.18295	1.13273	0.00908805	1.33529	-0.207957	1.17393	-0.767042	1.25324	-0.652306	1.06345	-0.365401	1.12655	-0.651187	1.40934	-2.52789	1.67641	-2.376096e+02	-5.727972e+03	-5.965582e+03
178	-0.727262	1.25784	-0.0987143	1.1687	-0.478707	1.49815	-0.252609	1.1304	0.00908805	1.33529	-0.207957	1.17393	-0.767042	1.25324	-0.652306	1.05243	-0.365401	1.12655	-0.651187	1.40934	-2.23962	1.67641	-1.863715e+02	-5.218504e+03	-5.404875e+03
179	-0.658265	1.25784	-0.0987143	1.1687	-0.252983	1.49815	-0.252609	1.13105	0.00908805	1.33529	-0.176785	1.17393	-0.767042	1.25324	-0.652306	1.05243	-0.365401	1.12655	-0.651187	1.40934	-1.91888	1.65849	-1.402224e+02	-4.593280e+03	-4.733503e+03
180	-0.673547	1.25784	-0.0987143	1.1687	-0.252983	1.49815	-0.252609	1.13105	0.00908805	1.33529	-0.176785	1.17393	-0.767042	1.25324	-0.652306	1.05243	-0.365401	1.12655	-0.651187	1.40934	-1.91888	1.65849	-1.425641e+02	-4.593280e+03	-4.735845e+03
181	-0.673547	1.25784	-0.0987143	1.1687	-0.252983	1.49815	-0.252609	1.13105	0.00908805	1.31943	-0.176785	1.17393	-0.767042	1.25324	-0.624149	1.05243	-0.365401	1.12655	-0.651187	1.40934	-1.91888	1.43342	-1.410148e+02	-4.490639e+03	-4.631653e+03
182	-0.673547	1.25784	-0.0987143	1.1687	-0.252983	1.49815	-0.252609	1.13105	0.00908805	1.31943	-0.176785	1.17393	-0.767042	1.25324	-0.624149	1.05243	-0.365401	1.12655	-0.651187	1.40934	-1.91888	1.45939	-1.411373e+02	-4.102136e+03	-4.243274e+03
183	-0.673547	1.25784	-0.0974151	1.1687	-0.252983	1.49815	-0.252609	1.13105	0.00908805	1.31943	-0.194057	1.17393	-0.767042	1.25324	-0.624149	1.00852	-0.365401	1.12655	-0.651187	1.40934	-1.01517	1.45939	-6.891087e+01	-1.941080e+03	-2.009991e+03
184	-0.673547	1.25784	-0.0974151	1.1687	-0.252983	1.49815	-0.252609	1.13105	0.00908805	1.32011	-0.194057	1.17393	-0.767042	1.25324	-0.467199	1.00852	-0.365401	1.12655	-0.372801	1.40934	-1.01517	1.45939	-7.541632e+01	-1.787960e+03	-1.863376e+03
185	-0.673547	1.25784	-0.0974151	1.1687	-0.252983	1.49815	-0.252609	1.13105	0.00908805	1.32321	-0.194057	1.17393	-0.709577	1.25324	-0.467199	1.00852	-0.579069	1.12655	-0.372801	1.40934	-0.854107	1.45939	-6.654261e+01	-1.723976e+03	-1.790518e+03
186	-0.673547	1.25784	-0.0974151	1.1687	-0.252983	1.49815	-0.252609	1.13105	0.00908805	1.32321	-0.194057	1.17393	-0.709577	1.25324	-0.368582	0.994758	-0.579069	1.12655	-0.372801	1.40934	-0.854107	1.35448	-6.876091e+01	-1.431002e+03	-1.499763e+03
187	-0.673547	1.25784	-0.0974151	1.1687	-0.252983	1.49815	-0.252609	1.13105	0.00908805	1.32661	-0.194057	1.17393	-0.620682	1.25324	-0.368582	0.97996	-0.555151	1.12655	-0.372801	1.40934	-0.854107	1.35448	-6.919608e+01	-1.358817e+03	-1.428013e+03
188	-0.673547	1.25784	-0.0974151	1.1687	-0.252983	1.49815	-0.252609	1.13105	0.00908805	1.32661	-0.194057	1.17393	-0.620682	1.25324	-0.368582	0.97996	-0.555151	1.12655	-0.372801	1.40934	-0.408203	1.35448	-7.108638e+01	-9.333490e+02	-1.004435e+03
189	-0.673547	1.25784	-0.0974151	1.1687	-0.252983	1.49815	-0.252609	1.13105	0.00908805	1.32661	-0.194057	1.17393	-0.620682	1.25324	-0.368582	0.97996	-0.555151	1.12655	-0.372801	1.37532	-0.408203	1.35448	-7.097196e+01	-7.772747e+02	-8.482467e+02
190	-0.159007	1.25784	-0.0974151	1.1687	-0.252983	1.49815	-0.24292	1.13105	0.00908805	1.32661	-0.194057	1.17393	-0.620682	1.25324	-0.368582	0.97996	-0.555151	1.12655	-0.372801	1.37532	-0.408203	1.35448	-1.688906e+01	-7.753931e+02	-7.922822e+02
191	-0.159007	1.25784	-0.0974151	1.1687	-0.252983	1.49815	-0.24292	1.13105	0.00908805	1.32661	-0.194057	1.17393	-0.620682	1.25324	-0.14349	0.97996	-0.555151	1.12655	-0.259881	1.34647	-0.408203	1.35448	-1.285409e+01	-7.048900e+02	-7.177441e+02
192	-0.159007	1.25784	-0.0974151	1.1687	-0.252983	1.49815	-0.24292	1.13105	0.00908805	1.32661	-0.194057	1.17393	-0.620682	1.25324	-0.14349	0.97996	-0.555151	1.12655	-0.0953898	1.34647	-0.408203	1.35448	-1.254767e+01	-6.876534e+02	-7.002010e+02
193	-0.159007	1.25784	-0.0974151	1.1687	-0.252983	1.49815	-0.24292	1.13105	0.0552784	1.32661	-0.180854	1.17393	-0.567323	1.25324	-0.14349	0.966926	-0.555151	1.12655	-0.0953898	1.34647	-0.408203	1.35448	-1.116482e+01	-6.243220e+02	-6.354868e+02
194	-0.159007	1.25784	-0.0974151	1.1687	-0.252983	1.49815	-0.24292	1.13413	0.0552784	1.32661	-0.180854	1.17393	-0.567323	1.25324	-0.14349	0.966926	-0.555151	1.12655	-0.0953898	1.34647	-0.408203	1.34946	-1.114337e+01	-6.064576e+02	-6.176010e+02
195	-0.159007	1.25784	-0.0974151	1.1687	-0.252983	1.49815	-0.24292	1.13413	0.0552784	1.32184	-0.19661	1.1643	-0.567323	1.25324	-0.14349	0.966926	-0.555151	1.12655	-0.0953898	1.34647	-0.408203	1.34946	-1.120364e+01	-5.908686e+02	-6.020722e+02
196	-0.159007	1.25784	-0.0974151	1.1687	-0.252983	1.49815	-0.24292	1.13413	0.0552784	1.3093	-0.19661	1.1643	-0.567323	1.25324	-0.14349	0.966926	-0.555151	1.12655	-0.0953898	1.34647	-0.408203	1.34946	-1.118556e+01	-5.877061e+02	-5.988916e+02
197	-0.159007	1.25784	-0.0974151	1.1687	-0.252983	1.49815	-0.24292	1.13413	0.0552784	1.3093	-0.19661	1.1643	-0.567323	1.25324	-0.14349	0.966926	-0.518184	1.12655	-0.0953898	1.34647	-0.408203	1.34946	-9.789464e+00	-5.789782e+02	-5.887677e+02
198	-0.159007	1.25784	-0.0974151	1.1687	-0.252983	1.49815	-0.24292	1.13413	0.0552784	1.3093	-0.184834	1.1643	-0.567323	1.25324	-0.14349	0.966926	-0.518184	1.12655	-0.0953898	1.34647	-0.408203	1.33323	-9.718245e+00	-5.420648e+02	-5.517831e+02
199	-0.159007	1.25784	-0.0974151	1.1687	-0.252983	1.49815	-0.24292	1.13413	0.0790958	1.31525	-0.184834	1.1643	-0.567323	1.25324	-0.194283	0.966926	-0.518184	1.12655	-0.0953898	1.34647	-0.408203	1.33323	-1.031526e+01	-5.315384e+02	-5.418536e+02
200	-0.159007	1.25784	-0.0974151	1.1687	-0.252983	1.49815	-0.24292	1.13413	0.0790958	1.31525	-0.153596	1.1643	-0.567323	1.25324	-0.194283	0.966926	-0.518184	1.12655	-0.0953898	1.31566	-0.408203	1.33323	-1.022697e+01	-4.882115e+02	-4.984385e+02
