iter	A(1)	B(1)	LnPrior	LnData	LnPosterior
0	-7.62918	4.7604	-6.804772e+00	-1.044027e+06	-1.044034e+06
1	-16.6435	4.7604	-7.898783e+00	-5.765419e+05	-5.765498e+05
2	-16.6435	4.7604	-7.898783e+00	-5.765419e+05	-5.765498e+05
3	-16.6435	4.7604	-7.898783e+00	-5.765419e+05	-5.765498e+05
4	-16.6435	4.7604	-7.898783e+00	-5.765419e+05	-5.765498e+05
5	-16.6435	4.7604	-7.898783e+00	-5.765419e+05	-5.765498e+05
6	-16.6435	4.7604	-7.898783e+00	-5.765419e+05	-5.765498e+05
7	-16.6435	4.7604	-7.898783e+00	-5.765419e+05	-5.765498e+05
8	-16.6435	4.7604	-7.898783e+00	-5.765419e+05	-5.765498e+05
9	-16.6435	4.7604	-7.898783e+00	-5.765419e+05	-5.765498e+05
10	-16.6435	4.7604	-7.898783e+00	-5.765419e+05	-5.765498e+05
11	-16.6435	4.7604	-7.898783e+00	-5.765419e+05	-5.765498e+05
12	-16.6435	4.7604	-7.898783e+00	-5.765419e+05	-5.765498e+05
13	-16.6435	4.7604	-7.898783e+00	-5.765419e+05	-5.765498e+05
14	-16.6435	4.7604	-7.898783e+00	-5.765419e+05	-5.765498e+05
15	-16.6435	4.7604	-7.898783e+00	-5.765419e+05	-5.765498e+05
16	-16.6435	4.7604	-7.898783e+00	-5.765419e+05	-5.765498e+05
17	-16.6435	4.7604	-7.898783e+00	-5.765419e+05	-5.765498e+05
18	-16.6435	4.7604	-7.898783e+00	-5.765419e+05	-5.765498e+05
19	-16.6435	4.7604	-7.898783e+00	-5.765419e+05	-5.765498e+05
20	-16.6435	4.7604	-7.898783e+00	-5.765419e+05	-5.765498e+05
21	-16.6435	4.7604	-7.898783e+00	-5.765419e+05	-5.765498e+05
22	-17.9937	4.7604	-8.132609e+00	-5.680947e+05	-5.681028e+05
23	-17.9937	4.7604	-8.132609e+00	-5.680947e+05	-5.681028e+05
24	-17.9937	4.7604	-8.132609e+00	-5.680947e+05	-5.681028e+05
25	-17.9937	4.7604	-8.132609e+00	-5.680947e+05	-5.681028e+05
26	-17.9937	4.7604	-8.132609e+00	-5.680947e+05	-5.681028e+05
27	-17.9937	4.7604	-8.132609e+00	-5.680947e+05	-5.681028e+05
28	-17.9937	3.54443	-8.094277e+00	-4.093732e+05	-4.093813e+05
29	-17.9937	3.54443	-8.094277e+00	-4.093732e+05	-4.093813e+05
30	-17.3776	3.54443	-7.985321e+00	-3.782764e+05	-3.782844e+05
31	-17.3776	3.54443	-7.985321e+00	-3.782764e+05	-3.782844e+05
32	-17.3776	3.54443	-7.985321e+00	-3.782764e+05	-3.782844e+05
33	-16.3807	3.54443	-7.817051e+00	-3.350314e+05	-3.350393e+05
34	-15.0214	3.54443	-7.603626e+00	-2.901584e+05	-2.901660e+05
35	-14.8704	3.54443	-7.581069e+00	-2.861790e+05	-2.861866e+05
36	-13.4169	3.54443	-7.375485e+00	-2.581155e+05	-2.581229e+05
37	-13.4169	3.54443	-7.375485e+00	-2.581155e+05	-2.581229e+05
38	-13.4169	3.54443	-7.375485e+00	-2.581155e+05	-2.581229e+05
39	-12.6275	3.54443	-7.272690e+00	-2.506652e+05	-2.506724e+05
40	-12.6275	3.54443	-7.272690e+00	-2.506652e+05	-2.506724e+05
41	-12.3443	3.54443	-7.237321e+00	-2.493286e+05	-2.493358e+05
42	-12.3443	3.54443	-7.237321e+00	-2.493286e+05	-2.493358e+05
43	-12.3443	3.54443	-7.237321e+00	-2.493286e+05	-2.493358e+05
44	-12.3225	2.83848	-7.219171e+00	-1.898955e+05	-1.899027e+05
45	-12.3225	2.83848	-7.219171e+00	-1.898955e+05	-1.899027e+05
46	-12.3225	2.83848	-7.219171e+00	-1.898955e+05	-1.899027e+05
47	-12.3225	2.83848	-7.219171e+00	-1.898955e+05	-1.899027e+05
48	-12.2383	2.83848	-7.208830e+00	-1.870350e+05	-1.870422e+05
49	-9.69072	2.47714	-6.923507e+00	-1.171531e+05	-1.171600e+05
50	-9.69072	2.47714	-6.923507e+00	-1.171531e+05	-1.171600e+05
51	-9.69072	2.47714	-6.923507e+00	-1.171531e+05	-1.171600e+05
52	-8.12109	2.47714	-6.783718e+00	-8.548512e+04	-8.549191e+04
53	-7.53669	2.1619	-6.733806e+00	-7.100417e+04	-7.101090e+04
54	-6.57648	2.1619	-6.666048e+00	-5.393907e+04	-5.394574e+04
55	-6.57648	2.1619	-6.666048e+00	-5.393907e+04	-5.394574e+04
56	-6.57648	2.1619	-6.666048e+00	-5.393907e+04	-5.394574e+04
57	-6.57648	2.1616	-6.666045e+00	-5.393331e+04	-5.393997e+04
58	-3.54886	1.32357	-6.506543e+00	-3.320325e+04	-3.320976e+04
59	-3.54886	1.78695	-6.509116e+00	-1.753092e+04	-1.753743e+04
60	-3.54886	1.78695	-6.509116e+00	-1.753092e+04	-1.753743e+04
61	-3.54886	1.78695	-6.509116e+00	-1.753092e+04	-1.753743e+04
62	-3.21299	1.78695	-6.497760e+00	-1.688473e+04	-1.689123e+04
63	-3.21299	1.78695	-6.497760e+00	-1.688473e+04	-1.689123e+04
64	-3.21299	1.78695	-6.497760e+00	-1.688473e+04	-1.689123e+04
65	-3.21299	1.78695	-6.497760e+00	-1.688473e+04	-1.689123e+04
66	-3.21299	1.78695	-6.497760e+00	-1.688473e+04	-1.689123e+04
67	-3.21299	1.60945	-6.496521e+00	-1.245055e+04	-1.245704e+04
68	-3.21299	1.60945	-6.496521e+00	-1.245055e+04	-1.245704e+04
69	-3.21299	1.60945	-6.496521e+00	-1.245055e+04	-1.245704e+04
70	-3.21299	1.60945	-6.496521e+00	-1.245055e+04	-1.245704e+04
71	-3.21299	1.60945	-6.496521e+00	-1.245055e+04	-1.245704e+04
72	-3.21299	1.60945	-6.496521e+00	-1.245055e+04	-1.245704e+04
73	-3.21299	1.60945	-6.496521e+00	-1.245055e+04	-1.245704e+04
74	-3.21299	1.60945	-6.496521e+00	-1.245055e+04	-1.245704e+04
75	-3.21299	1.60945	-6.496521e+00	-1.245055e+04	-1.245704e+04
76	-3.21299	1.60945	-6.496521e+00	-1.245055e+04	-1.245704e+04
77	-3.21299	1.60945	-6.496521e+00	-1.245055e+04	-1.245704e+04
78	-3.21299	1.60945	-6.496521e+00	-1.245055e+04	-1.245704e+04
79	-3.21299	1.60945	-6.496521e+00	-1.245055e+04	-1.245704e+04
80	-3.21299	1.61621	-6.496563e+00	-1.244167e+04	-1.244817e+04
81	-3.21299	1.61621	-6.496563e+00	-1.244167e+04	-1.244817e+04
82	-1.59349	1.61621	-6.457642e+00	-1.109293e+04	-1.109938e+04
83	-1.59349	1.56574	-6.457344e+00	-7.902001e+03	-7.908458e+03
84	-1.59349	1.56574	-6.457344e+00	-7.902001e+03	-7.908458e+03
85	-1.59349	1.56574	-6.457344e+00	-7.902001e+03	-7.908458e+03
86	-1.59349	1.56574	-6.457344e+00	-7.902001e+03	-7.908458e+03
87	-1.59349	1.56574	-6.457344e+00	-7.902001e+03	-7.908458e+03
88	-1.59349	1.56574	-6.457344e+00	-7.902001e+03	-7.908458e+03
89	-1.59349	1.53872	-6.457194e+00	-6.516500e+03	-6.522957e+03
90	-1.59349	1.53872	-6.457194e+00	-6.516500e+03	-6.522957e+03
91	-1.59349	1.53872	-6.457194e+00	-6.516500e+03	-6.522957e+03
92	-1.59349	1.53872	-6.457194e+00	-6.516500e+03	-6.522957e+03
93	-1.59349	1.47533	-6.456873e+00	-4.148454e+03	-4.154911e+03
94	-1.59349	1.47533	-6.456873e+00	-4.148454e+03	-4.154911e+03
95	-1.59349	1.47533	-6.456873e+00	-4.148454e+03	-4.154911e+03
96	-1.59349	1.47533	-6.456873e+00	-4.148454e+03	-4.154911e+03
97	-1.59349	1.47533	-6.456873e+00	-4.148454e+03	-4.154911e+03
98	-1.59349	1.47533	-6.456873e+00	-4.148454e+03	-4.154911e+03
99	-1.59349	1.47533	-6.456873e+00	-4.148454e+03	-4.154911e+03
100	-1.59349	1.47533	-6.456873e+00	-4.148454e+03	-4.154911e+03
101	-1.59349	1.31317	-6.456234e+00	-3.723308e+03	-3.729765e+03
102	-1.59349	1.31526	-6.456240e+00	-3.677384e+03	-3.683840e+03
103	-1.59349	1.31526	-6.456240e+00	-3.677384e+03	-3.683840e+03
104	-0.169909	1.28085	-6.443586e+00	-1.475586e+03	-1.482029e+03
105	-0.169909	1.28085	-6.443586e+00	-1.475586e+03	-1.482029e+03
106	-0.169909	1.28085	-6.443586e+00	-1.475586e+03	-1.482029e+03
107	-0.169909	1.28085	-6.443586e+00	-1.475586e+03	-1.482029e+03
108	-0.283968	1.18735	-6.443626e+00	-4.882259e+01	-5.526621e+01
109	-0.283968	1.18735	-6.443626e+00	-4.882259e+01	-5.526621e+01
110	-0.283968	1.18735	-6.443626e+00	-4.882259e+01	-5.526621e+01
111	-0.283968	1.18735	-6.443626e+00	-4.882259e+01	-5.526621e+01
112	-0.162393	1.18735	-6.443355e+00	1.417712e+01	7.733762e+00
113	-0.162393	1.18735	-6.443355e+00	1.417712e+01	7.733762e+00
114	-0.162393	1.18449	-6.443349e+00	1.825835e+01	1.181500e+01
115	-0.162393	1.18057	-6.443342e+00	1.974891e+01	1.330557e+01
116	-0.162393	1.18057	-6.443342e+00	1.974891e+01	1.330557e+01
117	-0.162393	1.18057	-6.443342e+00	1.974891e+01	1.330557e+01
118	-0.162393	1.18057	-6.443342e+00	1.974891e+01	1.330557e+01
119	-0.162393	1.18057	-6.443342e+00	1.974891e+01	1.330557e+01
120	-0.162393	1.18057	-6.443342e+00	1.974891e+01	1.330557e+01
121	-0.162393	1.18057	-6.443342e+00	1.974891e+01	1.330557e+01
122	-0.162393	1.18057	-6.443342e+00	1.974891e+01	1.330557e+01
123	-0.162393	1.18051	-6.443342e+00	1.973573e+01	1.329239e+01
124	-0.162393	1.18051	-6.443342e+00	1.973573e+01	1.329239e+01
125	-0.162393	1.18051	-6.443342e+00	1.973573e+01	1.329239e+01
126	-0.162393	1.18051	-6.443342e+00	1.973573e+01	1.329239e+01
127	-0.162393	1.18051	-6.443342e+00	1.973573e+01	1.329239e+01
128	-0.162393	1.18051	-6.443342e+00	1.973573e+01	1.329239e+01
129	-0.162393	1.18051	-6.443342e+00	1.973573e+01	1.329239e+01
130	-0.162393	1.18051	-6.443342e+00	1.973573e+01	1.329239e+01
131	-0.162393	1.18051	-6.443342e+00	1.973573e+01	1.329239e+01
132	-0.162393	1.18051	-6.443342e+00	1.973573e+01	1.329239e+01
133	-0.162393	1.18051	-6.443342e+00	1.973573e+01	1.329239e+01
134	-0.162393	1.18051	-6.443342e+00	1.973573e+01	1.329239e+01
135	-0.162393	1.18051	-6.443342e+00	1.973573e+01	1.329239e+01
136	-0.162393	1.18051	-6.443342e+00	1.973573e+01	1.329239e+01
137	-0.162393	1.18051	-6.443342e+00	1.973573e+01	1.329239e+01
138	-0.162393	1.18051	-6.443342e+00	1.973573e+01	1.329239e+01
139	-0.162393	1.18051	-6.443342e+00	1.973573e+01	1.329239e+01
140	-0.162393	1.18051	-6.443342e+00	1.973573e+01	1.329239e+01
141	-0.162393	1.18051	-6.443342e+00	1.973573e+01	1.329239e+01
142	-0.162393	1.18051	-6.443342e+00	1.973573e+01	1.329239e+01
143	-0.162393	1.18051	-6.443342e+00	1.973573e+01	1.329239e+01
144	-0.162393	1.18051	-6.443342e+00	1.973573e+01	1.329239e+01
145	-0.162393	1.18051	-6.443342e+00	1.973573e+01	1.329239e+01
146	-0.162393	1.18051	-6.443342e+00	1.973573e+01	1.329239e+01
147	-0.162393	1.18051	-6.443342e+00	1.973573e+01	1.329239e+01
148	-0.162393	1.18051	-6.443342e+00	1.973573e+01	1.329239e+01
149	-0.162393	1.18051	-6.443342e+00	1.973573e+01	1.329239e+01
150	-0.162393	1.18051	-6.443342e+00	1.973573e+01	1.329239e+01
151	-0.162393	1.18051	-6.443342e+00	1.973573e+01	1.329239e+01
152	-0.162393	1.18051	-6.443342e+00	1.973573e+01	1.329239e+01
153	-0.162393	1.18051	-6.443342e+00	1.973573e+01	1.329239e+01
154	-0.162393	1.18051	-6.443342e+00	1.973573e+01	1.329239e+01
155	-0.162393	1.18051	-6.443342e+00	1.973573e+01	1.329239e+01
156	-0.162393	1.18051	-6.443342e+00	1.973573e+01	1.329239e+01
157	-0.162393	1.18051	-6.443342e+00	1.973573e+01	1.329239e+01
158	-0.162393	1.18051	-6.443342e+00	1.973573e+01	1.329239e+01
159	-0.162393	1.18051	-6.443342e+00	1.973573e+01	1.329239e+01
160	-0.162393	1.18051	-6.443342e+00	1.973573e+01	1.329239e+01
161	-0.162393	1.18051	-6.443342e+00	1.973573e+01	1.329239e+01
162	-0.162393	1.18051	-6.443342e+00	1.973573e+01	1.329239e+01
163	-0.162393	1.18051	-6.443342e+00	1.973573e+01	1.329239e+01
164	-0.162393	1.18051	-6.443342e+00	1.973573e+01	1.329239e+01
165	-0.162393	1.18051	-6.443342e+00	1.973573e+01	1.329239e+01
166	-0.162393	1.18051	-6.443342e+00	1.973573e+01	1.329239e+01
167	-0.162393	1.18051	-6.443342e+00	1.973573e+01	1.329239e+01
168	-0.162393	1.18051	-6.443342e+00	1.973573e+01	1.329239e+01
169	-0.162393	1.18051	-6.443342e+00	1.973573e+01	1.329239e+01
170	-0.162393	1.18051	-6.443342e+00	1.973573e+01	1.329239e+01
171	-0.162393	1.18051	-6.443342e+00	1.973573e+01	1.329239e+01
172	-0.162393	1.18051	-6.443342e+00	1.973573e+01	1.329239e+01
173	-0.162393	1.18051	-6.443342e+00	1.973573e+01	1.329239e+01
174	-0.162393	1.18051	-6.443342e+00	1.973573e+01	1.329239e+01
175	-0.162393	1.18051	-6.443342e+00	1.973573e+01	1.329239e+01
176	-0.162393	1.18051	-6.443342e+00	1.973573e+01	1.329239e+01
177	-0.162393	1.18051	-6.443342e+00	1.973573e+01	1.329239e+01
178	-0.162393	1.18051	-6.443342e+00	1.973573e+01	1.329239e+01
179	-0.162393	1.18051	-6.443342e+00	1.973573e+01	1.329239e+01
180	-0.162393	1.18051	-6.443342e+00	1.973573e+01	1.329239e+01
181	-0.162393	1.18051	-6.443342e+00	1.973573e+01	1.329239e+01
182	-0.162393	1.18051	-6.443342e+00	1.973573e+01	1.329239e+01
183	-0.146558	1.18051	-6.443318e+00	2.313423e+01	1.669091e+01
184	-0.146558	1.18051	-6.443318e+00	2.313423e+01	1.669091e+01
185	-0.146558	1.18051	-6.443318e+00	2.313423e+01	1.669091e+01
186	-0.146558	1.18051	-6.443318e+00	2.313423e+01	1.669091e+01
187	-0.146558	1.18051	-6.443318e+00	2.313423e+01	1.669091e+01
188	-0.146558	1.18051	-6.443318e+00	2.313423e+01	1.669091e+01
189	-0.146558	1.18005	-6.443317e+00	2.331264e+01	1.686932e+01
190	-0.146558	1.18005	-6.443317e+00	2.331264e+01	1.686932e+01
191	-0.146558	1.18005	-6.443317e+00	2.331264e+01	1.686932e+01
192	-0.146558	1.18005	-6.443317e+00	2.331264e+01	1.686932e+01
193	-0.146558	1.18005	-6.443317e+00	2.331264e+01	1.686932e+01
194	-0.146558	1.17924	-6.443315e+00	2.346461e+01	1.702129e+01
195	-0.146558	1.17924	-6.443315e+00	2.346461e+01	1.702129e+01
196	-0.12331	1.17667	-6.443279e+00	2.753377e+01	2.109049e+01
197	-0.12331	1.17667	-6.443279e+00	2.753377e+01	2.109049e+01
198	-0.12331	1.17667	-6.443279e+00	2.753377e+01	2.109049e+01
199	-0.12331	1.17667	-6.443279e+00	2.753377e+01	2.109049e+01
200	-0.12331	1.17667	-6.443279e+00	2.753377e+01	2.109049e+01
