iter	A(1)	B(1)	A(1.1)	B(1.1)	A(1.2)	B(1.2)	A(1.3)	B(1.3)	A(1.4)	B(1.4)	A(1.5)	B(1.5)	A(1.6)	B(1.6)	A(1.7)	B(1.7)	A(1.8)	B(1.8)	A(1.9)	B(1.9)	A(1.10)	B(1.10)	LnPrior	LnData	LnPosterior
500	0.015205	1.259	-0.0287045	1.1638	0.15463	1.4356	-0.0686748	1.1086	0.21736	1.2883	0.0095545	1.1353	-0.035974	1.156	-0.061476	0.94369	-0.168583	1.0633	0.12589	1.2938	0.041381	1.2669	5.214400e+00	1.650225e+02	1.702369e+02
501	0.015205	1.259	-0.0287045	1.1638	0.15463	1.4356	-0.0686748	1.1086	0.21736	1.2883	0.0095545	1.1353	-0.035974	1.156	-0.061476	0.94369	-0.15807	1.0633	0.114	1.2938	0.0169501	1.2669	5.560737e+00	1.660076e+02	1.715684e+02
502	0.015205	1.259	-0.0404717	1.1638	0.15463	1.4356	-0.0686748	1.1086	0.21736	1.2883	0.0095545	1.1353	-0.035974	1.156	-0.061476	0.94369	-0.15807	1.0633	0.114	1.29337	0.0169501	1.2669	5.502517e+00	1.666645e+02	1.721670e+02
503	0.015205	1.259	-0.0404717	1.1638	0.138791	1.4356	-0.0686748	1.1086	0.21736	1.2883	0.0095545	1.1353	-0.035974	1.156	-0.0651939	0.94369	-0.171565	1.0633	0.114	1.29337	0.0169501	1.2669	5.438665e+00	1.666366e+02	1.720753e+02
504	0.015205	1.259	-0.0404717	1.1638	0.138791	1.4356	-0.0686748	1.1086	0.21736	1.2883	0.0095545	1.1353	0.00805947	1.156	-0.0651939	0.94369	-0.186943	1.0633	0.114	1.29337	0.0169501	1.2669	5.268030e+00	1.636296e+02	1.688976e+02
505	0.015205	1.259	-0.0404717	1.1638	0.138791	1.4356	-0.0686748	1.1086	0.21736	1.2883	0.0095545	1.1353	0.00805947	1.156	-0.0651939	0.94369	-0.186943	1.0633	0.114	1.29337	0.0169501	1.2669	5.268030e+00	1.636296e+02	1.688976e+02
506	0.015205	1.259	-0.0237894	1.1638	0.138791	1.4356	-0.0761619	1.1086	0.21736	1.2883	0.0095545	1.1353	0.00805947	1.156	-0.0651939	0.94369	-0.186943	1.0633	0.114	1.29337	0.0169501	1.2669	5.281392e+00	1.631977e+02	1.684791e+02
507	0.015205	1.259	-0.0237894	1.1638	0.138791	1.4356	-0.107073	1.1086	0.21736	1.2883	0.0095545	1.1353	0.00805947	1.156	-0.0651939	0.94369	-0.186943	1.0633	0.114	1.2999	0.0169501	1.2669	4.945045e+00	1.595171e+02	1.644622e+02
508	0.015205	1.259	-0.0235057	1.1638	0.138791	1.4356	-0.107073	1.11438	0.21736	1.2883	0.0095545	1.1353	0.00805947	1.156	-0.0651939	0.94369	-0.186943	1.0633	0.114	1.2999	0.0169501	1.2669	4.967479e+00	1.593357e+02	1.643031e+02
509	0.015205	1.259	-0.0235057	1.1638	0.138791	1.4356	-0.107703	1.11438	0.21736	1.2883	0.0149147	1.1353	-0.0227638	1.156	-0.0574018	0.94369	-0.186786	1.0633	0.114	1.2999	0.0169501	1.2669	4.954614e+00	1.611768e+02	1.661315e+02
510	0.015205	1.259	-0.0553887	1.1638	0.138791	1.4356	-0.107703	1.11438	0.21736	1.2883	0.0149147	1.1353	-0.0227638	1.156	-0.0574018	0.94369	-0.186786	1.0633	0.0881966	1.2999	0.0169501	1.2669	5.002005e+00	1.646754e+02	1.696774e+02
511	0.015205	1.259	-0.0553887	1.1638	0.138791	1.4356	-0.107703	1.11438	0.21736	1.2883	0.0149147	1.1353	-0.0227638	1.156	-0.0580798	0.94369	-0.168312	1.0633	0.0715058	1.2999	0.0169501	1.2669	5.461067e+00	1.656704e+02	1.711315e+02
512	0.015205	1.259	-0.0553887	1.1638	0.138791	1.4356	-0.107703	1.11438	0.21736	1.2883	0.0149147	1.1353	-0.0227638	1.156	-0.0580798	0.94369	-0.156953	1.0633	0.0715058	1.2999	0.0169501	1.2669	5.663060e+00	1.654635e+02	1.711266e+02
513	0.015205	1.259	-0.0553887	1.1638	0.164238	1.4356	-0.107703	1.11438	0.21736	1.2883	0.0149147	1.1353	-0.0227638	1.156	-0.0580798	0.94369	-0.156953	1.0633	0.0715058	1.2999	0.02935	1.2669	5.306332e+00	1.655559e+02	1.708623e+02
514	0.015205	1.259	-0.0553887	1.1638	0.164238	1.4356	-0.107703	1.11438	0.21736	1.2883	0.00735664	1.1353	-0.0227638	1.156	-0.0663324	0.94369	-0.155578	1.0633	0.0715058	1.2999	0.02935	1.2669	5.262947e+00	1.660980e+02	1.713609e+02
515	0.015205	1.259	-0.0553887	1.1638	0.140861	1.4356	-0.107703	1.11438	0.245245	1.2883	0.00735664	1.1353	-0.02083	1.156	-0.0663324	0.94369	-0.151374	1.0633	0.0715058	1.2999	0.02935	1.2669	5.059498e+00	1.663004e+02	1.713599e+02
516	0.015205	1.259	-0.0553887	1.1638	0.140861	1.4356	-0.107703	1.11438	0.245245	1.2883	0.00735664	1.1353	-0.02083	1.156	-0.0663324	0.94369	-0.154	1.0633	0.0715058	1.2999	0.00439253	1.2669	5.019556e+00	1.657256e+02	1.707452e+02
517	0.015205	1.259	-0.0553887	1.1638	0.138766	1.4356	-0.107703	1.11438	0.245245	1.2883	0.00735664	1.1353	-0.02083	1.156	-0.0663324	0.94369	-0.133032	1.0633	0.0715058	1.30152	0.00439253	1.2669	5.376781e+00	1.630589e+02	1.684357e+02
518	0.015205	1.259	-0.0388734	1.1638	0.138766	1.4356	-0.107703	1.11438	0.245245	1.2883	0.00735664	1.1353	-0.02083	1.156	-0.0663324	0.94369	-0.133032	1.0633	0.0844372	1.29494	0.00439253	1.2669	5.405014e+00	1.637190e+02	1.691240e+02
519	0.015205	1.259	-0.0534239	1.1638	0.138766	1.4356	-0.107703	1.11438	0.245245	1.2883	0.00735664	1.1353	-0.02083	1.156	-0.0663324	0.94369	-0.140869	1.0633	0.108402	1.29722	0.00439253	1.2669	4.999765e+00	1.647543e+02	1.697541e+02
520	0.015205	1.259	-0.0534239	1.1638	0.138766	1.4356	-0.107703	1.11438	0.245245	1.2883	0.00735664	1.1353	-0.02083	1.156	-0.0663324	0.94369	-0.162817	1.0633	0.108402	1.29883	0.00439253	1.2669	4.631567e+00	1.651486e+02	1.697801e+02
521	0.015205	1.259	-0.0534239	1.1638	0.142541	1.4356	-0.107703	1.11438	0.213879	1.2883	0.00735664	1.1353	-0.02083	1.156	-0.0663324	0.94369	-0.162817	1.0633	0.108402	1.29883	0.0467651	1.2669	5.212622e+00	1.642401e+02	1.694527e+02
522	0.015205	1.259	-0.0534239	1.1638	0.142541	1.4356	-0.107703	1.11438	0.213879	1.2883	0.00735664	1.1353	-0.02083	1.156	-0.100745	0.94369	-0.162817	1.0633	0.0662989	1.29883	0.0467651	1.2669	5.176575e+00	1.638918e+02	1.690684e+02
523	0.015205	1.259	-0.0510222	1.1638	0.139374	1.4356	-0.107703	1.11438	0.213879	1.2883	0.00735664	1.1353	-0.02083	1.156	-0.100745	0.94369	-0.179874	1.0633	0.0662989	1.29883	0.0467651	1.2669	4.914393e+00	1.634533e+02	1.683677e+02
524	0.015205	1.259	-0.0545045	1.1638	0.139374	1.4356	-0.107703	1.11438	0.207081	1.2883	0.00735664	1.1353	-0.02083	1.15478	-0.100745	0.94369	-0.173366	1.0633	0.0662989	1.29883	0.0497634	1.2669	5.135248e+00	1.627345e+02	1.678697e+02
525	0.015205	1.259	-0.0545045	1.1638	0.139374	1.4356	-0.107703	1.11438	0.207081	1.2883	0.00735664	1.1353	-0.02083	1.15478	-0.100745	0.94369	-0.173366	1.0633	0.0662989	1.29883	0.017213	1.2669	5.194761e+00	1.641526e+02	1.693473e+02
526	0.015205	1.259	-0.0545045	1.1638	0.139374	1.4356	-0.107703	1.11438	0.207081	1.2883	0.00735664	1.1353	-0.02083	1.15478	-0.100745	0.94369	-0.172249	1.0633	0.0662989	1.29883	0.017213	1.2669	5.215765e+00	1.641822e+02	1.693980e+02
527	0.015205	1.259	-0.0367435	1.1638	0.143783	1.4356	-0.107703	1.11438	0.207081	1.2883	0.00735664	1.1353	-0.02083	1.15478	-0.100745	0.94369	-0.172249	1.0633	0.0662989	1.30212	0.017213	1.2669	5.264681e+00	1.639849e+02	1.692496e+02
528	0.015205	1.259	-0.0301563	1.1638	0.143783	1.4356	-0.107703	1.11438	0.207081	1.2883	0.00735664	1.1353	-0.02083	1.15478	-0.100745	0.94369	-0.172249	1.0633	0.0662989	1.30212	0.017213	1.2669	5.296731e+00	1.636058e+02	1.689025e+02
529	0.015205	1.259	-0.0301563	1.1638	0.143783	1.4356	-0.107703	1.11438	0.207081	1.2883	0.00735664	1.1353	-0.02083	1.15478	-0.113084	0.94369	-0.172249	1.0633	0.0662989	1.30212	0.017213	1.2669	5.146047e+00	1.620149e+02	1.671610e+02
530	0.015205	1.259	-0.0301563	1.1638	0.152282	1.4356	-0.107703	1.11438	0.207081	1.2883	0.00735664	1.1353	-0.02083	1.15478	-0.0927798	0.94369	-0.172249	1.0633	0.0662989	1.29978	0.017213	1.2669	5.275458e+00	1.648358e+02	1.701113e+02
531	0.015205	1.259	-0.0301563	1.1638	0.152282	1.4356	-0.107703	1.11438	0.207081	1.2883	0.00164467	1.1353	-0.00478938	1.15478	-0.0927798	0.94369	-0.152486	1.0633	0.0662989	1.29978	0.0299606	1.2669	5.654530e+00	1.638814e+02	1.695359e+02
532	0.015205	1.259	-0.0301563	1.1638	0.137886	1.4356	-0.0951609	1.11438	0.207081	1.2883	0.00164467	1.1353	-0.00478938	1.15478	-0.0927798	0.94369	-0.152486	1.0633	0.0611449	1.30073	0.0299606	1.2669	6.011823e+00	1.620770e+02	1.680888e+02
533	0.015205	1.259	-0.0301563	1.1638	0.137886	1.4356	-0.0951609	1.11438	0.207081	1.2883	0.00164467	1.1353	-0.00478938	1.15478	-0.0927798	0.94369	-0.152486	1.0633	0.0611449	1.30073	0.0299606	1.2669	6.011823e+00	1.620770e+02	1.680888e+02
534	0.015205	1.259	-0.0301563	1.1638	0.137886	1.4356	-0.0951609	1.11438	0.207081	1.2883	0.00164467	1.1353	-0.00478938	1.15478	-0.0927798	0.94369	-0.162201	1.0633	0.0611449	1.30073	0.0299606	1.2669	5.844187e+00	1.624801e+02	1.683243e+02
535	0.015205	1.259	-0.045177	1.1638	0.137886	1.4356	-0.0951609	1.11438	0.207081	1.2883	0.00164467	1.1353	-0.00478938	1.15478	-0.0927798	0.943787	-0.157442	1.0633	0.0611449	1.30073	0.0299606	1.2669	5.848824e+00	1.629476e+02	1.687965e+02
536	0.015205	1.259	-0.045177	1.1638	0.137886	1.4356	-0.0951609	1.11438	0.207081	1.2883	0.00164467	1.1353	-0.00478938	1.15478	-0.0927798	0.943787	-0.157442	1.0633	0.0611449	1.30073	0.0281108	1.2669	5.851383e+00	1.629920e+02	1.688434e+02
537	0.015205	1.259	-0.0137305	1.1638	0.166285	1.4356	-0.0951609	1.11438	0.207081	1.2883	0.00164467	1.1353	-0.00478938	1.15478	-0.0927798	0.943787	-0.175743	1.0633	0.0611449	1.30073	0.0281108	1.2669	5.270392e+00	1.606474e+02	1.659178e+02
538	0.015205	1.259	-0.0137305	1.1638	0.166285	1.433	-0.0951609	1.11438	0.207081	1.2883	0.00164467	1.1353	-0.00478938	1.15478	-0.0927798	0.943787	-0.175743	1.0633	0.0611449	1.30073	0.0281108	1.2669	5.281784e+00	1.616473e+02	1.669290e+02
539	0.015205	1.259	-0.0137305	1.1638	0.166285	1.433	-0.0951609	1.11438	0.207081	1.2883	0.00164467	1.1353	-0.0285977	1.15478	-0.0927798	0.943787	-0.175743	1.0633	0.0580358	1.29783	0.0281108	1.2669	5.222558e+00	1.609145e+02	1.661370e+02
540	0.015205	1.259	-0.0137305	1.1638	0.166285	1.433	-0.0951609	1.11438	0.207081	1.2883	0.0284024	1.1353	-0.0285977	1.15478	-0.0927798	0.943787	-0.142842	1.0633	0.0580358	1.29783	0.0281108	1.2669	5.797154e+00	1.592104e+02	1.650075e+02
541	0.015205	1.259	-0.0637635	1.1667	0.172412	1.433	-0.0951609	1.11438	0.207081	1.2883	0.0284024	1.1353	-0.0285977	1.15478	-0.0927798	0.943787	-0.142842	1.0633	0.0580358	1.29783	0.0429126	1.2669	5.409514e+00	1.609059e+02	1.663154e+02
542	0.015205	1.259	-0.0630869	1.1667	0.172412	1.433	-0.0951609	1.11438	0.207081	1.2883	0.0284024	1.1353	-0.0285977	1.15478	-0.0870761	0.943787	-0.141248	1.0633	0.0580358	1.29783	0.0429126	1.2669	5.499875e+00	1.610364e+02	1.665362e+02
543	0.015205	1.259	-0.0460203	1.1667	0.172412	1.433	-0.116812	1.11438	0.207081	1.2883	-0.00900467	1.1353	-0.0285977	1.15478	-0.0870761	0.943787	-0.141248	1.0633	0.0936994	1.29783	0.0429126	1.2669	5.119601e+00	1.640294e+02	1.691490e+02
544	0.015205	1.259	-0.0305538	1.1667	0.163763	1.433	-0.116812	1.11438	0.207081	1.2883	-0.00900467	1.1353	-0.0285977	1.15478	-0.0911249	0.943787	-0.16599	1.0633	0.0936994	1.29783	0.0429126	1.2669	4.874633e+00	1.638304e+02	1.687050e+02
545	0.015205	1.259	-0.0468652	1.1667	0.163763	1.433	-0.116812	1.11438	0.207081	1.2883	0.00193461	1.1353	-0.0285977	1.15478	-0.0911249	0.943787	-0.16599	1.0633	0.0936994	1.29783	0.00829728	1.2669	4.843191e+00	1.663795e+02	1.712227e+02
546	0.015205	1.259	-0.0468652	1.1667	0.163763	1.433	-0.116812	1.11289	0.207081	1.2883	0.0109915	1.13613	-0.0285977	1.15478	-0.0911249	0.943787	-0.16599	1.0633	0.0936994	1.29424	-0.00204648	1.2669	4.839048e+00	1.656194e+02	1.704585e+02
547	0.015205	1.259	-0.0686672	1.1667	0.163763	1.433	-0.116812	1.11289	0.207081	1.2883	0.0109915	1.13613	-0.0285977	1.15478	-0.0911249	0.943787	-0.16599	1.0633	0.0638277	1.29424	-0.00204648	1.2669	4.869816e+00	1.621767e+02	1.670465e+02
548	0.015205	1.259	-0.0686672	1.1667	0.163763	1.433	-0.115703	1.11289	0.207081	1.2883	0.0109915	1.13613	-0.0285977	1.15478	-0.0911249	0.943787	-0.16599	1.0633	0.0985622	1.29424	-0.00371208	1.2669	4.652159e+00	1.659959e+02	1.706481e+02
549	0.015205	1.259	-0.0686672	1.1667	0.164888	1.433	-0.115703	1.11289	0.207081	1.2883	0.0109915	1.13613	-0.0285977	1.15478	-0.0502213	0.943787	-0.16599	1.0633	0.0985622	1.29466	-0.00371208	1.2669	4.986278e+00	1.647132e+02	1.696995e+02
550	0.015205	1.259	-0.0686672	1.1667	0.164888	1.433	-0.115703	1.11289	0.207081	1.2883	0.0109915	1.13613	-0.0285977	1.15478	-0.116226	0.943787	-0.16599	1.0633	0.0985622	1.29466	-0.00371208	1.2669	4.336598e+00	1.632247e+02	1.675613e+02
551	0.015205	1.259	-0.048308	1.1667	0.164888	1.433	-0.115703	1.11289	0.207081	1.2883	0.0109915	1.13613	-0.0285977	1.15478	-0.112713	0.943787	-0.16599	1.0633	0.0985622	1.30114	-0.00371208	1.2669	4.525883e+00	1.608728e+02	1.653987e+02
552	0.015205	1.259	-0.0657823	1.1667	0.164888	1.433	-0.115703	1.11289	0.207081	1.2883	0.0109915	1.13613	-0.0285977	1.15478	-0.112713	0.943787	-0.16599	1.0633	0.0605662	1.30114	-0.00371208	1.2669	4.644170e+00	1.623060e+02	1.669501e+02
553	0.015205	1.259	-0.0657823	1.1667	0.164888	1.433	-0.115703	1.11289	0.207081	1.2883	0.0109915	1.13613	-0.0285977	1.15478	-0.0879988	0.943787	-0.16599	1.0633	0.0605662	1.30114	-0.00371208	1.2669	4.929776e+00	1.647264e+02	1.696562e+02
554	0.015205	1.259	-0.0458549	1.1667	0.164888	1.433	-0.115703	1.11579	0.207081	1.2883	0.0109915	1.13613	-0.0285977	1.15478	-0.0879988	0.943787	-0.172991	1.0633	0.0605662	1.30114	-0.00371208	1.2669	4.952487e+00	1.633882e+02	1.683407e+02
555	0.015205	1.259	-0.0458549	1.1667	0.157886	1.433	-0.115703	1.11579	0.207081	1.2883	0.0109915	1.13613	-0.0285977	1.15478	-0.0879988	0.943787	-0.172991	1.0633	0.0605662	1.30114	-0.00371208	1.2669	5.054847e+00	1.632734e+02	1.683282e+02
556	0.015205	1.259	-0.0458549	1.1667	0.157886	1.433	-0.115703	1.11579	0.207081	1.2883	0.0109915	1.13613	-0.0285977	1.15478	-0.0879988	0.943787	-0.172991	1.0633	0.0605662	1.30114	-0.00371208	1.2669	5.054847e+00	1.632734e+02	1.683282e+02
557	0.015205	1.259	-0.0458549	1.1667	0.157886	1.43343	-0.0954904	1.11084	0.207081	1.2883	0.0109915	1.13613	-0.0285977	1.15478	-0.107315	0.943787	-0.185148	1.0633	0.0605662	1.30114	-0.00371208	1.2669	4.824932e+00	1.617864e+02	1.666113e+02
558	0.015205	1.259	-0.0405739	1.1667	0.15655	1.43343	-0.0954904	1.11084	0.207081	1.2883	0.0109915	1.13613	-0.0285977	1.15478	-0.107763	0.943787	-0.197942	1.0633	0.0605662	1.30114	-0.00371208	1.2669	4.604751e+00	1.598859e+02	1.644906e+02
559	0.015205	1.259	-0.0405739	1.1667	0.15655	1.43343	-0.0954904	1.11084	0.207081	1.2883	0.0109915	1.13613	-0.0219621	1.15478	-0.107763	0.943787	-0.197942	1.0633	0.0816599	1.30114	-0.00371208	1.2669	4.513685e+00	1.602273e+02	1.647410e+02
560	0.015205	1.259	-0.0401744	1.1667	0.157187	1.43343	-0.0954904	1.11084	0.207081	1.2883	0.0109915	1.13613	-0.0219621	1.15478	-0.107763	0.943787	-0.180909	1.0633	0.0816599	1.30114	0.00273415	1.2669	4.865536e+00	1.625886e+02	1.674542e+02
561	0.015205	1.259	-0.0401744	1.1667	0.157187	1.43343	-0.0954904	1.11084	0.207081	1.2883	0.0109915	1.13613	-0.0219621	1.15478	-0.107763	0.943787	-0.162727	1.0633	0.0816599	1.30114	0.00273415	1.2669	5.205591e+00	1.629923e+02	1.681979e+02
562	0.015205	1.259	-0.0401744	1.1667	0.157187	1.43343	-0.0954904	1.11084	0.207081	1.2883	0.0109915	1.13613	-0.0219621	1.15478	-0.107763	0.943787	-0.166869	1.0633	0.0816599	1.30114	0.00916288	1.2669	5.136976e+00	1.635272e+02	1.686642e+02
563	0.015205	1.259	-0.0516971	1.1667	0.157187	1.43343	-0.0883389	1.11084	0.207081	1.2883	0.0109915	1.13613	-0.0219621	1.15478	-0.107763	0.943787	-0.166869	1.0633	0.0816599	1.30114	0.00916288	1.2669	5.143132e+00	1.639573e+02	1.691004e+02
564	0.015205	1.259	-0.0516971	1.1667	0.159211	1.43343	-0.0883389	1.11084	0.207081	1.2883	0.0109915	1.13613	-0.0219621	1.15478	-0.0609124	0.943787	-0.190648	1.0633	0.0816599	1.30114	0.00916288	1.2669	5.119316e+00	1.640319e+02	1.691512e+02
565	0.015205	1.259	-0.0516971	1.1667	0.159211	1.43343	-0.0883389	1.11084	0.207081	1.2883	0.0109915	1.13613	-0.0219621	1.15478	-0.0609124	0.943787	-0.190648	1.0633	0.0816599	1.30114	0.0172861	1.2669	5.120925e+00	1.644023e+02	1.695232e+02
566	0.015205	1.259	-0.0516971	1.16736	0.167086	1.43343	-0.0883389	1.11084	0.207081	1.2883	0.0109915	1.13055	-0.0219621	1.15478	-0.0700093	0.943787	-0.190648	1.0633	0.0816599	1.30114	0.0259121	1.2669	4.909495e+00	1.644227e+02	1.693322e+02
567	0.015205	1.259	-0.0516971	1.16736	0.149822	1.43343	-0.0883389	1.11084	0.207081	1.2883	0.0109915	1.13055	-0.0219621	1.15478	-0.0700093	0.943787	-0.141716	1.0633	0.0816599	1.30114	0.0142348	1.2669	6.050066e+00	1.637717e+02	1.698218e+02
568	0.015205	1.259	-0.0516971	1.16736	0.149822	1.43343	-0.0883389	1.11084	0.207081	1.2883	0.0109915	1.13055	-0.0219621	1.15478	-0.0700093	0.943787	-0.161548	1.0633	0.0816599	1.30114	0.039706	1.2669	5.689222e+00	1.647137e+02	1.704030e+02
569	0.015205	1.259	-0.0516971	1.16736	0.149822	1.43343	-0.0883389	1.11084	0.207081	1.2883	0.0109915	1.13055	-0.0219621	1.15478	-0.0700093	0.943787	-0.161548	1.0633	0.0816599	1.30114	0.039706	1.2669	5.689222e+00	1.647137e+02	1.704030e+02
570	0.015205	1.259	-0.0516971	1.16736	0.149822	1.43343	-0.0883389	1.11084	0.207081	1.2883	0.0109915	1.13055	-0.0219621	1.15478	-0.0700093	0.943787	-0.191423	1.0633	0.0816599	1.30114	0.039706	1.2669	5.116545e+00	1.634370e+02	1.685535e+02
571	0.015205	1.259	-0.0633902	1.16736	0.153017	1.43343	-0.0891253	1.10828	0.207081	1.2883	0.0109915	1.13055	-0.0219621	1.15478	-0.0700093	0.943787	-0.191423	1.0633	0.0816599	1.30114	0.039706	1.2669	4.970232e+00	1.643115e+02	1.692818e+02
572	0.015205	1.259	-0.067948	1.16736	0.153017	1.43343	-0.0891253	1.10828	0.207081	1.2883	0.0109915	1.13055	-0.0219621	1.15478	-0.0530863	0.943787	-0.191423	1.0633	0.0816599	1.29329	0.039706	1.2669	5.070758e+00	1.625594e+02	1.676301e+02
573	0.015205	1.259	-0.067948	1.16736	0.146436	1.43343	-0.0891253	1.10828	0.207081	1.2883	0.0109915	1.13055	-0.012213	1.15478	-0.0530863	0.943787	-0.178132	1.0633	0.0816599	1.29329	0.0419378	1.2669	5.450859e+00	1.629758e+02	1.684267e+02
574	0.015205	1.259	-0.067948	1.16736	0.146436	1.43343	-0.0891253	1.10828	0.207081	1.2883	0.0311358	1.13055	-0.012213	1.15478	-0.0530863	0.943787	-0.178132	1.0633	0.0816599	1.29329	0.0419378	1.2669	5.439057e+00	1.640798e+02	1.695188e+02
575	0.015205	1.259	-0.0859648	1.16736	0.146436	1.43343	-0.0891253	1.10828	0.223821	1.2883	0.0311358	1.13556	-0.012213	1.15478	-0.0943204	0.943787	-0.154784	1.0633	0.102813	1.29329	0.0592977	1.2669	4.786690e+00	1.634040e+02	1.681907e+02
576	0.015205	1.259	-0.0859648	1.16736	0.146436	1.43343	-0.0891253	1.10828	0.223821	1.2883	0.0311358	1.13556	-0.012213	1.15478	-0.0943204	0.943787	-0.174072	1.0633	0.0792117	1.29354	-0.00817591	1.2669	4.688808e+00	1.621754e+02	1.668642e+02
577	0.015205	1.259	-0.0859648	1.16736	0.149165	1.43343	-0.0891253	1.10828	0.223821	1.2883	0.0311358	1.13556	-0.012213	1.15478	-0.0943204	0.943787	-0.159962	1.0633	0.0792117	1.29354	-0.00817591	1.2669	4.909725e+00	1.623728e+02	1.672825e+02
578	0.015205	1.259	-0.0859648	1.16736	0.149165	1.43343	-0.0891253	1.10828	0.223821	1.2883	0.0311358	1.13556	-0.012213	1.15478	-0.0943204	0.943787	-0.159962	1.0633	0.0792117	1.29354	-0.00817591	1.2669	4.909725e+00	1.623728e+02	1.672825e+02
579	0.015205	1.259	-0.0859648	1.16736	0.149165	1.43343	-0.0891253	1.10828	0.223821	1.2883	0.0311358	1.13556	-0.012213	1.15478	-0.0984171	0.943787	-0.159962	1.0633	0.136311	1.29354	-0.00817591	1.2669	4.335525e+00	1.628160e+02	1.671516e+02
580	0.015205	1.259	-0.0859648	1.16736	0.149165	1.43343	-0.0891253	1.10828	0.236333	1.2883	0.0311358	1.13556	-0.012213	1.15438	-0.0984171	0.943787	-0.159962	1.0633	0.107267	1.29354	-0.00817591	1.2669	4.375175e+00	1.645534e+02	1.689285e+02
581	0.015205	1.259	-0.0859648	1.16736	0.149165	1.43343	-0.0891253	1.10828	0.236333	1.2883	0.0311358	1.13556	-0.012213	1.15438	-0.0846942	0.946186	-0.159962	1.0633	0.107267	1.29354	0.0456611	1.2669	4.521464e+00	1.662984e+02	1.708198e+02
582	0.015205	1.259	-0.0859648	1.16736	0.149165	1.43343	-0.0891253	1.10828	0.236333	1.2883	0.0311358	1.13556	-0.012213	1.15438	-0.0846942	0.946186	-0.198421	1.0633	0.107267	1.29354	0.0456611	1.2669	3.773833e+00	1.641968e+02	1.679706e+02
583	0.015205	1.259	-0.0859648	1.16736	0.145253	1.43343	-0.0891253	1.10828	0.236333	1.2883	0.0311358	1.13556	-0.012213	1.15438	-0.0846942	0.946186	-0.165509	1.0633	0.107267	1.29354	0.0484865	1.2669	4.465407e+00	1.658335e+02	1.702989e+02
584	-0.017056	1.259	-0.0859648	1.16736	0.145253	1.43343	-0.0891253	1.10828	0.236333	1.2883	0.0311358	1.13556	-0.0360534	1.15438	-0.0846942	0.946186	-0.160812	1.0633	0.109164	1.29354	0.0484865	1.2669	4.041021e+00	1.650336e+02	1.690747e+02
585	-0.017056	1.259	-0.0859648	1.16736	0.145253	1.43343	-0.0891253	1.10828	0.236333	1.2883	0.0311358	1.13556	-0.0360534	1.15438	-0.087603	0.946186	-0.160812	1.0633	0.109164	1.29354	0.0484865	1.2669	4.020923e+00	1.650841e+02	1.691050e+02
586	-0.017056	1.259	-0.0872243	1.16736	0.16379	1.43343	-0.0891253	1.10828	0.236333	1.2883	0.0311358	1.13556	-0.0360534	1.15438	-0.087603	0.946186	-0.160812	1.0633	0.109164	1.29354	0.0484865	1.2669	3.694101e+00	1.656500e+02	1.693441e+02
587	-0.017056	1.259	-0.0872243	1.16736	0.16379	1.43343	-0.0891253	1.10828	0.236333	1.2883	0.0311358	1.13556	-0.0215363	1.15438	-0.0805208	0.946186	-0.160812	1.0633	0.109164	1.29354	0.0484865	1.2669	3.758597e+00	1.662149e+02	1.699734e+02
588	-0.017056	1.259	-0.0578504	1.16736	0.167883	1.43343	-0.0891253	1.10828	0.236333	1.2883	0.0311358	1.13556	-0.0215363	1.15438	-0.0989153	0.946186	-0.148997	1.0633	0.109164	1.29354	0.0484865	1.2669	3.875930e+00	1.666394e+02	1.705153e+02
589	-0.017056	1.259	-0.0578504	1.16736	0.167883	1.43343	-0.0891253	1.10828	0.236333	1.2883	0.0311358	1.13556	-0.0215363	1.15438	-0.0989153	0.946186	-0.148997	1.0633	0.109164	1.29354	0.0484865	1.2669	3.875930e+00	1.666394e+02	1.705153e+02
590	-0.017056	1.259	-0.0578504	1.16537	0.167883	1.43343	-0.0891253	1.10828	0.236333	1.2883	0.0311358	1.13556	-0.0215363	1.15438	-0.0989153	0.946186	-0.135323	1.05706	0.109164	1.29354	0.0397929	1.2669	4.064554e+00	1.662245e+02	1.702890e+02
591	-0.017056	1.259	-0.0578504	1.16537	0.156881	1.43343	-0.0891253	1.10828	0.236333	1.2883	0.0311358	1.13556	-0.0215363	1.15474	-0.0989153	0.946186	-0.135323	1.05706	0.109164	1.29354	0.0296317	1.2669	4.315517e+00	1.667010e+02	1.710165e+02
592	-0.017056	1.259	-0.0578504	1.16537	0.156881	1.43343	-0.0891253	1.10828	0.236333	1.2883	0.0311358	1.13556	-0.0128746	1.15474	-0.0989153	0.946186	-0.135323	1.05706	0.116532	1.29354	0.0296317	1.2669	4.219930e+00	1.665747e+02	1.707946e+02
593	-0.017056	1.259	-0.0578504	1.16537	0.156881	1.43343	-0.102011	1.10828	0.236333	1.2883	0.0311358	1.13556	-0.0128746	1.15474	-0.0989153	0.946186	-0.151902	1.05706	0.116532	1.29354	0.0296317	1.26763	3.908790e+00	1.654258e+02	1.693346e+02
594	-0.017056	1.259	-0.0578504	1.16537	0.156881	1.43343	-0.102011	1.10828	0.236333	1.2883	0.0311358	1.13556	-0.0128746	1.15474	-0.0989153	0.946186	-0.152104	1.05706	0.116532	1.29354	0.0296317	1.26763	3.906063e+00	1.654112e+02	1.693172e+02
595	-0.017056	1.259	-0.0578504	1.16537	0.156881	1.43343	-0.102011	1.10828	0.236333	1.2883	0.0311358	1.13556	-0.0024844	1.15293	-0.0989153	0.946186	-0.130795	1.05706	0.116532	1.29354	0.0296317	1.26763	4.156648e+00	1.659712e+02	1.701279e+02
596	-0.017056	1.259	-0.0578504	1.16537	0.156881	1.43343	-0.085909	1.10828	0.236333	1.2883	0.0311358	1.13556	-0.0024844	1.15293	-0.0989153	0.946186	-0.12067	1.05706	0.116532	1.29354	0.0296317	1.26763	4.390518e+00	1.658283e+02	1.702188e+02
597	-0.017056	1.259	-0.0578504	1.16537	0.156881	1.43343	-0.0808362	1.10828	0.236333	1.2883	0.0311358	1.13556	-0.0024844	1.15293	-0.0989153	0.946186	-0.127488	1.05706	0.111553	1.29661	0.0296317	1.26763	4.413697e+00	1.652833e+02	1.696970e+02
598	-0.017056	1.259	-0.0578504	1.16537	0.156881	1.43343	-0.0808362	1.10828	0.236333	1.2883	0.0311358	1.13556	-0.0024844	1.15293	-0.0989153	0.946186	-0.127488	1.05706	0.111553	1.29661	0.0296317	1.26763	4.413697e+00	1.652833e+02	1.696970e+02
599	-0.017056	1.259	-0.0584862	1.16537	0.156881	1.43343	-0.0808362	1.10828	0.236333	1.2883	0.0035441	1.13556	-0.0024844	1.15293	-0.0989153	0.946186	-0.127488	1.05706	0.111553	1.29661	0.0296317	1.26763	4.505987e+00	1.663538e+02	1.708598e+02
600	-0.017056	1.259	-0.0584862	1.16537	0.156881	1.43343	-0.0808362	1.10828	0.236333	1.2883	0.0035441	1.13556	-0.0024844	1.15293	-0.0989153	0.946186	-0.128459	1.05706	0.111553	1.29661	0.0296317	1.26763	4.495220e+00	1.663862e+02	1.708814e+02
601	-0.017056	1.259	-0.0606175	1.16537	0.156881	1.43343	-0.0808362	1.10828	0.239432	1.2883	0.0035441	1.13556	-0.0024844	1.15293	-0.0989153	0.946186	-0.14492	1.05706	0.111553	1.29661	0.0296317	1.26763	4.210244e+00	1.662141e+02	1.704243e+02
602	-0.017056	1.259	-0.0221852	1.16537	0.156881	1.43343	-0.0808362	1.10828	0.239432	1.2883	0.0035441	1.13312	-0.0024844	1.15293	-0.0989153	0.946186	-0.14492	1.05706	0.111553	1.2971	0.0296317	1.26763	4.295734e+00	1.635629e+02	1.678586e+02
603	-0.017056	1.259	-0.038248	1.16537	0.156881	1.43343	-0.0808362	1.10828	0.239432	1.2883	0.0035441	1.13312	-0.0024844	1.15293	-0.0989153	0.946186	-0.116853	1.05706	0.0902936	1.2971	0.0296317	1.26763	4.844889e+00	1.654308e+02	1.702757e+02
604	-0.017056	1.259	-0.038248	1.16537	0.161447	1.43343	-0.0808362	1.10828	0.239432	1.2883	0.0211235	1.13312	-0.0024844	1.15293	-0.0989153	0.946186	-0.116853	1.05706	0.0902936	1.29502	0.0296317	1.26763	4.714684e+00	1.660443e+02	1.707590e+02
605	-0.017056	1.259	-0.038248	1.16537	0.167132	1.43343	-0.0808362	1.10828	0.239432	1.2883	0.0211235	1.13312	-0.0024844	1.15293	-0.0989153	0.946186	-0.134022	1.05706	0.0902936	1.29502	0.0296317	1.26763	4.425510e+00	1.667759e+02	1.712014e+02
606	-0.017056	1.259	-0.038248	1.16537	0.145584	1.43343	-0.0808362	1.10795	0.239432	1.2883	0.0211235	1.13312	-0.0024844	1.15293	-0.0989153	0.946186	-0.134022	1.05706	0.0902936	1.29502	0.0296317	1.26763	4.797956e+00	1.661761e+02	1.709741e+02
607	-0.017056	1.259	-0.038248	1.16537	0.145584	1.43343	-0.0808362	1.10795	0.239432	1.2883	0.0211235	1.13312	-0.0024844	1.15293	-0.0989153	0.946186	-0.134022	1.05706	0.0902936	1.29502	0.0296317	1.26763	4.797956e+00	1.661761e+02	1.709741e+02
608	-0.017056	1.259	-0.0708487	1.16537	0.145584	1.43343	-0.0808362	1.10795	0.239432	1.2883	0.0211235	1.13312	-0.0024844	1.15293	-0.0989153	0.946186	-0.146771	1.05706	0.109004	1.29502	0.0296317	1.26763	4.300131e+00	1.661918e+02	1.704919e+02
609	-0.017056	1.259	-0.0708487	1.16537	0.154289	1.43343	-0.0808362	1.10795	0.239432	1.2883	0.0211235	1.13312	-0.0024844	1.15293	-0.0905969	0.946186	-0.146771	1.05706	0.109004	1.29502	0.0296317	1.26763	4.219394e+00	1.668620e+02	1.710814e+02
610	-0.017056	1.259	-0.0708487	1.16537	0.155132	1.43343	-0.0808362	1.10795	0.239432	1.2883	0.0211235	1.13312	-0.0024844	1.15293	-0.0905969	0.946186	-0.14217	1.05706	0.108701	1.29502	0.0296317	1.26763	4.267345e+00	1.670802e+02	1.713476e+02
611	-0.017056	1.259	-0.0901485	1.16537	0.155132	1.43343	-0.0808362	1.11068	0.239432	1.2883	0.0211235	1.13312	-0.0024844	1.15293	-0.0991624	0.946186	-0.14217	1.05706	0.098462	1.29502	0.0296317	1.26763	4.211949e+00	1.639566e+02	1.681686e+02
612	-0.017056	1.259	-0.0901485	1.16537	0.155132	1.43343	-0.0808362	1.11068	0.239432	1.2883	0.0211235	1.13312	-0.0024844	1.15293	-0.0991624	0.946186	-0.134688	1.05706	0.098462	1.29502	0.0296317	1.26763	4.302764e+00	1.640511e+02	1.683539e+02
613	-0.017056	1.259	-0.0716326	1.16537	0.156669	1.43343	-0.0808362	1.11068	0.239432	1.2883	0.0211235	1.13312	-0.0024844	1.15293	-0.0991624	0.946186	-0.134688	1.05706	0.100303	1.29502	0.0037276	1.26763	4.460333e+00	1.659199e+02	1.703802e+02
614	-0.017056	1.259	-0.0777237	1.16537	0.156669	1.43343	-0.0808362	1.11068	0.239432	1.2883	0.0211235	1.13312	0.00813208	1.15293	-0.0991624	0.946186	-0.150389	1.05706	0.100303	1.29502	0.0037276	1.26763	4.207105e+00	1.643042e+02	1.685113e+02
615	-0.017056	1.259	-0.0369779	1.16537	0.14652	1.43343	-0.0808362	1.11068	0.239432	1.2883	0.0211235	1.13312	0.00813208	1.15293	-0.0991624	0.946186	-0.150389	1.05706	0.100303	1.29502	0.0037276	1.26763	4.542448e+00	1.643306e+02	1.688731e+02
616	-0.017056	1.259	-0.0209496	1.16537	0.147499	1.43343	-0.0959393	1.11068	0.239432	1.2883	0.0211235	1.13312	0.00813208	1.15239	-0.0991624	0.946186	-0.150389	1.05706	0.100303	1.29502	0.0037276	1.26763	4.436302e+00	1.636807e+02	1.681170e+02
617	-0.017056	1.259	-0.0790416	1.16537	0.147499	1.43343	-0.0959393	1.11068	0.239432	1.2883	0.0211235	1.13312	0.00813208	1.15239	-0.0991624	0.946186	-0.150389	1.05706	0.100303	1.29502	0.0037276	1.26763	4.244949e+00	1.647986e+02	1.690435e+02
618	-0.017056	1.259	-0.0790416	1.16537	0.147499	1.43343	-0.0959393	1.11068	0.232157	1.2883	0.0211235	1.13312	0.00813208	1.15239	-0.0991624	0.946186	-0.141577	1.05706	0.100303	1.29502	0.0037276	1.26763	4.542512e+00	1.652335e+02	1.697761e+02
619	-0.017056	1.259	-0.0730378	1.16537	0.147499	1.43343	-0.107926	1.11068	0.232157	1.2883	0.0211235	1.13312	0.00813208	1.15239	-0.0991624	0.946438	-0.134702	1.05706	0.100303	1.29897	0.0037276	1.26763	4.557646e+00	1.646443e+02	1.692019e+02
620	-0.017056	1.259	-0.0730378	1.16537	0.147499	1.43343	-0.107926	1.11068	0.238386	1.2883	0.0211235	1.13312	0.00813208	1.15239	-0.0991624	0.946438	-0.134702	1.05706	0.0635298	1.29897	0.0037276	1.26763	4.764416e+00	1.643468e+02	1.691112e+02
621	-0.017056	1.259	-0.0730378	1.16537	0.167269	1.43343	-0.107926	1.11068	0.238386	1.2883	0.0211235	1.13312	0.00813208	1.15239	-0.0991624	0.946438	-0.134702	1.05706	0.0635298	1.29562	0.0037276	1.26763	4.422741e+00	1.633279e+02	1.677506e+02
622	-0.017056	1.259	-0.0730378	1.16537	0.167269	1.43343	-0.107926	1.11068	0.238386	1.2883	0.0211235	1.13312	0.00813208	1.15239	-0.0991624	0.946438	-0.152789	1.05706	0.0635298	1.29562	0.0037276	1.26763	4.193591e+00	1.626763e+02	1.668699e+02
623	-0.017056	1.259	-0.0723562	1.16537	0.167269	1.43343	-0.107926	1.11068	0.238386	1.2883	0.0211235	1.13312	0.00813208	1.15239	-0.0991624	0.946438	-0.152789	1.05706	0.0940639	1.29562	0.0439862	1.26763	3.739996e+00	1.649449e+02	1.686849e+02
624	-0.017056	1.259	-0.0723562	1.16537	0.15059	1.43343	-0.107926	1.11068	0.238386	1.2883	0.0211235	1.13312	0.00813208	1.15239	-0.0991624	0.946438	-0.152789	1.05706	0.0940639	1.29562	0.0439862	1.26763	4.033528e+00	1.646481e+02	1.686816e+02
625	-0.017056	1.259	-0.0723562	1.16537	0.15059	1.43343	-0.107926	1.11068	0.238386	1.2883	0.0211235	1.13312	0.00813208	1.15239	-0.0991624	0.946438	-0.152789	1.05706	0.0940639	1.29562	0.0439862	1.26763	4.033528e+00	1.646481e+02	1.686816e+02
626	-0.017056	1.259	-0.0841431	1.16537	0.15059	1.43343	-0.107926	1.11068	0.238386	1.2883	0.0211235	1.13312	0.00813208	1.15239	-0.0991624	0.946438	-0.152789	1.05706	0.0940639	1.29562	0.0439862	1.26763	3.961400e+00	1.634096e+02	1.673710e+02
627	-0.017056	1.259	-0.0884181	1.16537	0.15059	1.43343	-0.107926	1.11068	0.238126	1.2883	0.0211235	1.13312	0.00813208	1.15239	-0.0991624	0.946438	-0.128239	1.05706	0.116719	1.29562	0.0231897	1.26763	4.069460e+00	1.641015e+02	1.681710e+02
628	-0.017056	1.259	-0.0884181	1.16537	0.148386	1.43343	-0.107926	1.11068	0.238126	1.2883	0.0211235	1.13312	0.00813208	1.15239	-0.0991624	0.946438	-0.128239	1.05706	0.116719	1.29562	0.0231897	1.26763	4.106162e+00	1.639707e+02	1.680769e+02
629	-0.017056	1.259	-0.0847008	1.16537	0.148386	1.43343	-0.107926	1.11068	0.252453	1.2883	0.0211235	1.13312	0.00813208	1.15239	-0.0991624	0.946438	-0.128239	1.05706	0.116719	1.29249	0.0231897	1.26763	3.758871e+00	1.645324e+02	1.682913e+02
630	-0.017056	1.259	-0.0847008	1.16537	0.148386	1.43343	-0.107926	1.11068	0.252453	1.2883	0.0211235	1.13312	0.0120894	1.15239	-0.0991624	0.946438	-0.128239	1.05706	0.116719	1.29249	0.0231897	1.26763	3.748121e+00	1.642331e+02	1.679812e+02
631	-0.017056	1.259	-0.0765124	1.16537	0.148386	1.43343	-0.107926	1.11068	0.252453	1.2883	0.0211235	1.13312	0.0120894	1.15239	-0.0991624	0.946438	-0.128239	1.05706	0.116719	1.29481	0.0231897	1.26763	3.798148e+00	1.648076e+02	1.686058e+02
632	-0.017056	1.259	-0.0765124	1.16537	0.148386	1.43343	-0.107926	1.11068	0.252453	1.2883	0.0211235	1.13312	0.0120894	1.15239	-0.0991624	0.946438	-0.128239	1.05706	0.116719	1.29481	0.00375626	1.26763	3.857476e+00	1.642538e+02	1.681113e+02
633	-0.017056	1.259	-0.0765124	1.16537	0.148386	1.43343	-0.107926	1.11068	0.227192	1.2883	0.0211235	1.13312	0.0120894	1.15294	-0.0991624	0.946438	-0.128239	1.05706	0.116719	1.29481	0.00375626	1.26763	4.507833e+00	1.645749e+02	1.690827e+02
634	-0.017056	1.259	-0.0765124	1.16537	0.155395	1.43343	-0.107926	1.11068	0.229264	1.2883	0.0130994	1.13941	0.0120894	1.15294	-0.0991624	0.946438	-0.149088	1.05706	0.116719	1.29481	0.00375626	1.26763	4.131793e+00	1.618834e+02	1.660152e+02
635	-0.017056	1.259	-0.0765124	1.16537	0.168584	1.43343	-0.0949927	1.11068	0.229264	1.2883	0.0130994	1.13941	0.0120894	1.15294	-0.0991624	0.946438	-0.149088	1.05706	0.116719	1.29533	0.00375626	1.26763	4.004354e+00	1.617285e+02	1.657328e+02
636	-0.017056	1.259	-0.0367263	1.16537	0.168584	1.43343	-0.0949927	1.11068	0.229264	1.2883	0.0130994	1.13941	0.0120894	1.15294	-0.0735245	0.946438	-0.139564	1.05706	0.0993531	1.29533	0.00375626	1.26763	4.677852e+00	1.623944e+02	1.670722e+02
637	-0.017056	1.259	-0.0383501	1.16537	0.173481	1.43343	-0.100943	1.11068	0.229264	1.29042	0.0130994	1.13941	0.0120894	1.15294	-0.0735245	0.946438	-0.139564	1.05706	0.0945352	1.29277	0.00375626	1.26763	4.589838e+00	1.615577e+02	1.661475e+02
638	-0.017056	1.14739	-0.0383501	1.16537	0.173481	1.43343	-0.100943	1.11068	0.229264	1.29042	0.0130994	1.13941	0.0120894	1.15294	-0.0735245	0.946438	-0.112027	1.05706	0.0945352	1.29277	0.00375626	1.26763	5.380042e+00	1.603748e+02	1.657548e+02
639	-0.017056	1.14739	-0.0383501	1.16537	0.168245	1.43343	-0.100943	1.11068	0.229264	1.29042	0.0130994	1.13941	0.0120894	1.15294	-0.0735245	0.946438	-0.134771	1.05706	0.0945352	1.29277	0.00375626	1.26763	5.236576e+00	1.617734e+02	1.670100e+02
640	-0.017056	1.14739	-0.0526018	1.16537	0.153441	1.43343	-0.100943	1.11068	0.229264	1.29042	0.0130994	1.13941	0.0120894	1.15294	-0.0998464	0.946438	-0.134771	1.05706	0.0945352	1.29277	0.00375626	1.26763	5.276155e+00	1.627326e+02	1.680088e+02
641	-0.017056	1.14739	-0.0671232	1.16537	0.153441	1.43343	-0.100943	1.11068	0.229264	1.29042	0.0130994	1.13941	0.0120894	1.15294	-0.0998464	0.946438	-0.134771	1.05706	0.130918	1.29277	0.00375626	1.26763	4.741809e+00	1.626965e+02	1.674383e+02
642	-0.017056	1.14739	-0.0488015	1.16537	0.159656	1.43343	-0.100943	1.11068	0.229264	1.29042	0.0130994	1.13941	0.0120894	1.15294	-0.0998464	0.946438	-0.134909	1.05706	0.150097	1.29277	0.00375626	1.26763	4.405041e+00	1.609840e+02	1.653890e+02
643	-0.017056	1.14739	-0.0488015	1.16537	0.159656	1.43343	-0.100943	1.11068	0.229276	1.29042	0.0130994	1.13941	0.0120894	1.15294	-0.0998464	0.946438	-0.134909	1.05706	0.150097	1.28348	0.00375626	1.26763	4.437399e+00	1.613815e+02	1.658189e+02
644	-0.017056	1.14739	-0.0488015	1.16537	0.147036	1.43343	-0.100943	1.11068	0.229276	1.29042	0.0130994	1.13941	0.0120894	1.15294	-0.0998464	0.946438	-0.134909	1.05706	0.150097	1.28922	0.0360779	1.26763	4.513007e+00	1.621724e+02	1.666854e+02
645	-0.017056	1.14739	-0.0488015	1.16537	0.147036	1.43343	-0.100943	1.11068	0.229276	1.29042	0.0130994	1.13941	0.0120894	1.15294	-0.0998464	0.946438	-0.134909	1.05706	0.130353	1.28875	0.0360779	1.26763	4.825203e+00	1.627278e+02	1.675530e+02
646	-0.017056	1.14739	-0.0250725	1.16537	0.147036	1.43343	-0.100943	1.11068	0.229276	1.29042	0.0130994	1.13941	0.0120894	1.15294	-0.0998464	0.946438	-0.134909	1.05706	0.130353	1.28875	0.0360779	1.26763	4.872378e+00	1.609077e+02	1.657801e+02
647	-0.017056	1.14739	-0.0559223	1.16537	0.147036	1.43343	-0.100943	1.11068	0.229276	1.29042	0.0130994	1.13941	0.0120894	1.15294	-0.0998464	0.946438	-0.134909	1.05706	0.130353	1.28875	0.0360779	1.26763	4.800062e+00	1.627907e+02	1.675907e+02
648	-0.017056	1.14739	-0.0559223	1.16537	0.162675	1.43343	-0.100943	1.11068	0.229276	1.29042	0.0130994	1.13941	0.0120894	1.15294	-0.0734109	0.946438	-0.11352	1.05706	0.143951	1.28875	0.00299754	1.26763	4.855698e+00	1.615307e+02	1.663864e+02
649	-0.017056	1.14739	-0.0559223	1.16537	0.162675	1.43343	-0.100943	1.11068	0.229276	1.29042	0.0130994	1.13941	0.0120894	1.15294	-0.0734109	0.946438	-0.148329	1.05706	0.143951	1.28875	0.00299754	1.26763	4.459343e+00	1.622404e+02	1.666997e+02
650	-0.017056	1.14739	-0.0559223	1.16537	0.178587	1.43343	-0.100943	1.11068	0.229276	1.29042	0.0130994	1.13941	0.0120894	1.15294	-0.0734109	0.946438	-0.144936	1.05706	0.143951	1.28748	0.0236266	1.26763	4.146449e+00	1.623535e+02	1.665000e+02
651	-0.017056	1.14739	-0.0559223	1.16537	0.178587	1.43343	-0.100943	1.11068	0.229276	1.29042	0.0130994	1.13941	0.0120894	1.15294	-0.0734109	0.946438	-0.144936	1.05706	0.143951	1.28748	0.0236266	1.26763	4.146449e+00	1.623535e+02	1.665000e+02
652	-0.017056	1.14739	-0.0559223	1.16537	0.178587	1.43343	-0.100943	1.11068	0.229276	1.29042	0.0130994	1.13941	0.0120894	1.15294	-0.0734109	0.946438	-0.130178	1.05706	0.128128	1.28323	0.0236266	1.26763	4.581210e+00	1.584406e+02	1.630218e+02
653	-0.017056	1.14739	-0.0437586	1.16537	0.178587	1.43343	-0.100943	1.11068	0.229276	1.29042	0.0130994	1.13941	0.0120894	1.15294	-0.0734109	0.946438	-0.090277	1.05706	0.131987	1.28323	0.0236266	1.26763	4.936085e+00	1.543000e+02	1.592361e+02
654	-0.017056	1.14739	-0.0437586	1.16537	0.178587	1.43343	-0.100943	1.11068	0.211354	1.29042	0.0130994	1.13941	0.0120894	1.15294	-0.0734109	0.946438	-0.090277	1.05706	0.131987	1.28323	0.0155354	1.26763	5.391143e+00	1.539779e+02	1.593690e+02
655	-0.017056	1.14739	-0.0437586	1.16537	0.178587	1.43343	-0.100943	1.11068	0.211354	1.29042	0.0130994	1.13941	0.00243043	1.15294	-0.0734109	0.946438	-0.120674	1.05706	0.131987	1.28323	0.0155354	1.26763	5.145857e+00	1.587272e+02	1.638731e+02
656	-0.017056	1.14739	-0.0437586	1.16537	0.178587	1.43343	-0.100943	1.11068	0.211354	1.29042	0.0130994	1.13941	0.00243043	1.15294	-0.0796728	0.946438	-0.120674	1.05706	0.131987	1.28323	0.0155354	1.26763	5.108607e+00	1.591352e+02	1.642438e+02
657	-0.017056	1.14739	-0.0437586	1.16537	0.178587	1.43343	-0.100943	1.11068	0.211354	1.29042	0.0130994	1.13941	0.00243043	1.15294	-0.0796728	0.946438	-0.120674	1.05706	0.131987	1.28649	0.0155354	1.26763	5.097403e+00	1.619349e+02	1.670323e+02
658	-0.017056	1.14739	-0.0437586	1.16537	0.178587	1.43343	-0.100943	1.11068	0.211354	1.29042	0.0130994	1.13941	0.00243043	1.15294	-0.0923073	0.946438	-0.12227	1.05706	0.131987	1.28649	0.0165324	1.26763	4.990353e+00	1.623490e+02	1.673393e+02
659	-0.017056	1.14739	-0.0437586	1.16537	0.178587	1.43343	-0.100943	1.11068	0.211354	1.29042	0.0130994	1.13941	0.00243043	1.15294	-0.0924263	0.946438	-0.144539	1.05706	0.1579	1.28649	0.0165324	1.26763	4.310558e+00	1.626900e+02	1.670005e+02
660	-0.017056	1.14739	-0.0437586	1.16537	0.162397	1.43343	-0.100943	1.11068	0.211354	1.29042	0.0130994	1.13941	0.00243043	1.15294	-0.0924263	0.946438	-0.144539	1.05706	0.1579	1.28649	0.0165324	1.26763	4.614202e+00	1.632255e+02	1.678397e+02
661	-0.017056	1.14739	-0.0437586	1.16537	0.162397	1.43343	-0.100943	1.11068	0.229079	1.29042	0.0130994	1.12828	-0.0164755	1.15294	-0.0924263	0.946438	-0.144539	1.05706	0.1579	1.28649	0.0165324	1.26763	4.208839e+00	1.643709e+02	1.685797e+02
662	-0.017056	1.14739	-0.0601363	1.16537	0.170316	1.43343	-0.100943	1.11068	0.229079	1.29042	0.0130994	1.12828	-0.0164755	1.15294	-0.084291	0.946438	-0.129294	1.05706	0.1579	1.28649	0.0165324	1.26763	4.247182e+00	1.644115e+02	1.686587e+02
663	-0.017056	1.14739	-0.0601363	1.16537	0.170316	1.43343	-0.100943	1.11068	0.206376	1.29042	0.0130994	1.1358	-0.0164755	1.15294	-0.0703187	0.946438	-0.160899	1.05706	0.1579	1.28649	0.0340382	1.26763	4.388489e+00	1.628478e+02	1.672363e+02
664	-0.017056	1.14739	-0.0601363	1.16537	0.170316	1.43343	-0.100943	1.11068	0.206376	1.29042	0.0130994	1.1358	-0.0164755	1.15294	-0.0703187	0.946438	-0.13032	1.05706	0.1579	1.28649	0.0340382	1.26763	4.781590e+00	1.642002e+02	1.689818e+02
665	-0.017056	1.14739	-0.0601363	1.16537	0.165888	1.43343	-0.100943	1.11068	0.206376	1.29042	0.0130994	1.1358	-0.0164755	1.15294	-0.0703187	0.946438	-0.13032	1.05706	0.1579	1.28649	0.0340382	1.26763	4.863574e+00	1.643001e+02	1.691637e+02
666	-0.017056	1.14739	-0.0601363	1.16537	0.165888	1.43343	-0.100943	1.11068	0.206376	1.29042	0.0130994	1.1358	-0.0164755	1.15294	-0.0703187	0.946438	-0.13032	1.05706	0.1579	1.28649	0.0340382	1.26763	4.863574e+00	1.643001e+02	1.691637e+02
667	-0.017056	1.14739	-0.0601363	1.16537	0.165888	1.43343	-0.100943	1.11068	0.215712	1.29042	0.0130994	1.1358	-0.0164755	1.15294	-0.114428	0.946438	-0.138391	1.05706	0.1579	1.28649	0.0340382	1.26763	4.223744e+00	1.646861e+02	1.689099e+02
668	-0.017056	1.14739	-0.0601363	1.16537	0.165888	1.43343	-0.100943	1.11068	0.215712	1.29042	0.0130994	1.1358	-0.0164755	1.15294	-0.114428	0.946438	-0.138391	1.05706	0.1579	1.28649	0.0340382	1.26763	4.223744e+00	1.646861e+02	1.689099e+02
669	-0.017056	1.14739	-0.0601363	1.16537	0.165888	1.43343	-0.100943	1.11068	0.215712	1.29042	0.0130994	1.1358	-0.0164755	1.15294	-0.114428	0.946438	-0.138391	1.05706	0.146229	1.28917	0.0219229	1.26763	4.466280e+00	1.656571e+02	1.701234e+02
670	-0.017056	1.14739	-0.0601363	1.16537	0.167311	1.43343	-0.100943	1.11068	0.215712	1.29042	0.0130994	1.1358	-0.0164755	1.15294	-0.114428	0.946438	-0.138391	1.05706	0.127362	1.28917	0.0219229	1.26763	4.730426e+00	1.659749e+02	1.707053e+02
671	-0.017056	1.14739	-0.0601363	1.16537	0.167311	1.43343	-0.100943	1.11068	0.215712	1.29042	0.0130994	1.1358	-0.00371312	1.15294	-0.114428	0.946438	-0.139088	1.05706	0.127362	1.29375	0.0219229	1.26763	4.696536e+00	1.657224e+02	1.704189e+02
672	-0.017056	1.14739	-0.0606074	1.16537	0.169898	1.43343	-0.100943	1.11068	0.215712	1.29042	0.0130994	1.1358	-0.00371312	1.15294	-0.114428	0.946639	-0.136118	1.05706	0.0860166	1.29775	0.0219229	1.26763	5.180101e+00	1.659487e+02	1.711288e+02
673	-0.017056	1.14739	-0.0472171	1.16537	0.166557	1.43343	-0.100943	1.11068	0.215712	1.29042	0.0130994	1.1358	-0.00371312	1.15294	-0.114428	0.946639	-0.136118	1.05706	0.0860166	1.29775	0.0219229	1.26763	5.291356e+00	1.659990e+02	1.712903e+02
674	-0.017056	1.14739	-0.0472171	1.16537	0.166557	1.43343	-0.0826091	1.11068	0.215712	1.29042	0.0130994	1.13671	-0.00371312	1.15294	-0.114428	0.946639	-0.141242	1.05706	0.0860166	1.29775	0.0219229	1.26763	5.366270e+00	1.647365e+02	1.701028e+02
675	-0.017056	1.14739	-0.0525707	1.16537	0.134999	1.43343	-0.0826091	1.11068	0.215712	1.29042	0.0130994	1.13671	-0.00371312	1.15294	-0.0984596	0.946639	-0.141242	1.05706	0.101163	1.30139	0.0219229	1.26763	5.839663e+00	1.612358e+02	1.670755e+02
676	-0.017056	1.14739	-0.0525707	1.16537	0.134999	1.43343	-0.0826091	1.11068	0.234227	1.29042	0.0130994	1.13671	-0.00371312	1.15294	-0.0984596	0.946639	-0.141242	1.05706	0.101163	1.30139	0.0219229	1.26763	5.391550e+00	1.611759e+02	1.665674e+02
677	-0.017056	1.14739	-0.0525707	1.16537	0.134999	1.43343	-0.0826091	1.11068	0.235303	1.29042	0.0130994	1.13671	-0.00371312	1.15294	-0.0984596	0.946639	-0.141242	1.05706	0.101163	1.30139	0.0219229	1.26763	5.364449e+00	1.611260e+02	1.664905e+02
678	-0.017056	1.14739	-0.0525707	1.16537	0.134999	1.43343	-0.0826091	1.11068	0.235303	1.29042	0.0130994	1.13671	-0.00371312	1.15294	-0.0984596	0.946639	-0.164367	1.05706	0.101163	1.29877	0.0219229	1.26763	5.060512e+00	1.614812e+02	1.665417e+02
679	-0.017056	1.14739	-0.0525707	1.16537	0.134999	1.43343	-0.0826091	1.11068	0.239845	1.29042	0.0130994	1.13671	-0.00371312	1.15294	-0.0822411	0.946639	-0.159927	1.05706	0.101163	1.29877	0.0219229	1.26763	5.128146e+00	1.615908e+02	1.667189e+02
680	-0.017056	1.14739	-0.0525707	1.16537	0.134999	1.43343	-0.0826091	1.11068	0.239845	1.29042	0.0130994	1.13671	-0.00371312	1.15294	-0.0822411	0.946639	-0.159927	1.05706	0.101163	1.29648	0.0219229	1.26763	5.136772e+00	1.625759e+02	1.677127e+02
681	-0.017056	1.14739	-0.0525707	1.16537	0.154062	1.43343	-0.0826091	1.11068	0.239845	1.29042	0.0130994	1.13671	-0.036697	1.15294	-0.0822411	0.946639	-0.159927	1.05706	0.101163	1.29243	0.0219229	1.26763	4.833219e+00	1.623752e+02	1.672084e+02
682	-0.017056	1.14739	-0.0525707	1.16537	0.154062	1.43343	-0.0826091	1.11068	0.239845	1.29042	0.0130994	1.13671	-0.036697	1.15294	-0.0822411	0.946639	-0.132285	1.05706	0.1176	1.29243	0.0219229	1.26763	4.982106e+00	1.641643e+02	1.691465e+02
683	-0.017056	1.14739	-0.0525707	1.16537	0.154062	1.43343	-0.0826091	1.11068	0.235408	1.29042	0.0130994	1.13671	-0.0121635	1.15294	-0.0822411	0.946639	-0.132285	1.05706	0.1176	1.29243	0.0219229	1.26763	5.113198e+00	1.660032e+02	1.711164e+02
684	-0.017056	1.14739	-0.0543728	1.16537	0.154062	1.43343	-0.0826091	1.11068	0.235408	1.29042	0.0130994	1.13671	-0.0121635	1.15294	-0.0822411	0.946639	-0.132285	1.05706	0.1176	1.29243	0.0219229	1.26763	5.106635e+00	1.660103e+02	1.711169e+02
685	-0.017056	1.14739	-0.0543728	1.16537	0.154062	1.43343	-0.0826091	1.11068	0.235408	1.29042	0.0130994	1.13671	-0.0121635	1.15294	-0.0822411	0.946639	-0.138843	1.05706	0.117167	1.29243	0.0219229	1.26763	5.034739e+00	1.660120e+02	1.710468e+02
686	-0.017056	1.14739	-0.0778459	1.16537	0.157696	1.43343	-0.0826091	1.11068	0.235408	1.29042	0.0130994	1.13671	-0.0121635	1.15294	-0.0822411	0.946639	-0.138843	1.05706	0.117167	1.29243	0.0219229	1.26763	4.856747e+00	1.649129e+02	1.697697e+02
687	-0.017056	1.14739	-0.0778459	1.16537	0.157696	1.43343	-0.110861	1.11068	0.214096	1.29042	0.0130994	1.13671	-0.0121635	1.15294	-0.0822411	0.946639	-0.138843	1.05706	0.117167	1.29243	0.0219229	1.26763	5.146998e+00	1.655874e+02	1.707344e+02
688	-0.017056	1.14739	-0.0778459	1.16537	0.15842	1.43343	-0.110861	1.11068	0.214096	1.29042	0.0130994	1.13671	-0.0121635	1.15294	-0.0803797	0.946639	-0.138843	1.05706	0.117167	1.29243	0.0219229	1.26763	5.146288e+00	1.655126e+02	1.706589e+02
689	-0.017056	1.14739	-0.0778459	1.16537	0.15842	1.43343	-0.110861	1.11068	0.214096	1.29042	0.0130994	1.13671	-0.0121635	1.15294	-0.054327	0.946639	-0.138843	1.05706	0.117167	1.29243	0.0219229	1.26763	5.277326e+00	1.626463e+02	1.679237e+02
690	-0.017056	1.14739	-0.0778459	1.16537	0.164666	1.43343	-0.110861	1.11068	0.214096	1.29042	0.0130994	1.13671	-0.0121635	1.15294	-0.054327	0.946639	-0.111673	1.05706	0.117167	1.29243	0.0219229	1.26763	5.459754e+00	1.614543e+02	1.669140e+02
691	-0.017056	1.14739	-0.0778459	1.16537	0.164666	1.43343	-0.110861	1.11068	0.214096	1.29042	0.0130994	1.13671	-0.0121635	1.15294	-0.054327	0.946639	-0.147149	1.05706	0.117167	1.28904	-0.00490272	1.26763	5.141908e+00	1.601138e+02	1.652558e+02
692	-0.017056	1.14739	-0.0536597	1.16537	0.164666	1.43343	-0.110861	1.11068	0.214096	1.29042	0.0130994	1.13671	-0.0121635	1.15294	-0.054327	0.946639	-0.12114	1.05706	0.117167	1.29132	-0.00490272	1.26763	5.556081e+00	1.619972e+02	1.675533e+02
693	-0.017056	1.14739	-0.0536597	1.16537	0.164666	1.43343	-0.110861	1.11068	0.214096	1.29042	-0.0059722	1.13671	-0.0121635	1.15294	-0.103855	0.946639	-0.12114	1.05706	0.117167	1.29132	-0.00490272	1.26763	5.288157e+00	1.649607e+02	1.702489e+02
694	-0.017056	1.14739	-0.0536597	1.16537	0.159449	1.43343	-0.120761	1.11068	0.214096	1.29042	-0.0059722	1.13671	-0.0121635	1.15294	-0.103855	0.946639	-0.116344	1.05706	0.117167	1.29132	-0.00490272	1.26763	5.332606e+00	1.639732e+02	1.693058e+02
695	-0.017056	1.14739	-0.0536597	1.16537	0.159449	1.43343	-0.120761	1.11068	0.214096	1.29042	-0.0059722	1.13671	-0.0273788	1.15294	-0.103855	0.946639	-0.116344	1.05706	0.117167	1.29132	-0.00490272	1.26763	5.328475e+00	1.633069e+02	1.686353e+02
696	-0.017056	1.14739	-0.0536597	1.16537	0.159449	1.43343	-0.120761	1.11068	0.214096	1.29042	-0.0059722	1.13671	-0.0143438	1.15294	-0.103855	0.946639	-0.127279	1.05706	0.117167	1.29132	-0.00490272	1.26763	5.218881e+00	1.646017e+02	1.698206e+02
697	-0.0145658	1.14739	-0.0624044	1.16537	0.191996	1.43343	-0.120761	1.11068	0.214096	1.29042	-0.0059722	1.13671	-0.0143438	1.15294	-0.103855	0.946639	-0.140314	1.05706	0.129303	1.29132	-0.00490272	1.26763	4.293168e+00	1.626669e+02	1.669601e+02
698	-0.0145658	1.14739	-0.0624044	1.16537	0.191996	1.43343	-0.120761	1.11068	0.199355	1.29042	-0.0059722	1.13671	-0.0143438	1.15294	-0.103855	0.946639	-0.143006	1.05706	0.129303	1.29132	0.00181641	1.26763	4.576389e+00	1.620945e+02	1.666709e+02
699	-0.0145658	1.14739	-0.0803013	1.16537	0.191996	1.43343	-0.120761	1.11068	0.199355	1.29042	-0.0059722	1.13671	-0.0143438	1.15294	-0.103855	0.946639	-0.143006	1.05706	0.111713	1.29132	0.00181641	1.26763	4.712362e+00	1.606461e+02	1.653585e+02
700	-0.0145658	1.14739	-0.0644378	1.16537	0.191996	1.43343	-0.120761	1.11068	0.199355	1.29042	-0.0059722	1.13671	-0.0143438	1.15294	-0.103855	0.946639	-0.114733	1.05706	0.111713	1.28683	0.00181641	1.26763	5.143129e+00	1.581288e+02	1.632719e+02
